01344,      ,08-01-17, 5 , 1 ,18.00,
01344,006249,08-01-17, 5 , 1 ,370.00,10-COB
01344,0     ,08-01-17, 1 , 16 ,0.00,110004
01344,0     ,08-01-17, 2 , 8 ,0.00,110004
01344,008799,08-01-17, 1 , 2 ,998.00,15-COB
01344,008799,08-01-17, 2 , 2 ,998.00,15-COB
01344,008799,08-01-17, 5 , 5 ,2994.00,15-COB
01344,006245,08-01-17, 1 , 17 ,629.00,1-COB
01344,006245,08-01-17, 2 , 11 ,407.00,1-COB
01344,006245,08-01-17, 5 , 19 ,703.00,1-COB
01344,006246,08-01-17, 1 , 13 ,962.00,2-COB
01344,006246,08-01-17, 2 , 14 ,1036.00,2-COB
01344,006246,08-01-17, 5 , 4 ,296.00,2-COB
01344,007772,08-01-17, 1 , 128 ,442.00,2W-ZABB
01344,007772,08-01-17, 2 , 48 ,102.00,2W-ZABB
01344,007772,08-01-17, 5 , 34 ,136.00,2W-ZABB
01344,006247,08-01-17, 2 , 1 ,111.00,3-COB
01344,006247,08-01-17, 5 , 3 ,333.00,3-COB
01344,007773,08-01-17, 1 , 45 ,1715.00,3W-ZABB
01344,007773,08-01-17, 2 , 28 ,833.00,3W-ZABB
01344,007773,08-01-17, 5 , 23 ,294.00,3W-ZABB
01344,006248,08-01-17, 5 , 1 ,222.00,6-COB
01344,006261,08-01-17, 1 , 9 ,621.00,6-NUGGET
01344,006261,08-01-17, 2 , 13 ,828.00,6-NUGGET
01344,006261,08-01-17, 5 , 4 ,276.00,6-NUGGET
01344,009061,08-01-17, 1 , 1 ,79.00,AISCBNG
01344,009063,08-01-17, 1 , 2 ,158.00,AISCBWZ
01344,009116,08-01-17, 2 , 1 ,79.00,AISNG69
01344,009118,08-01-17, 1 , 2 ,163.00,AISWZ69
01344,009118,08-01-17, 2 , 2 ,158.00,AISWZ69
01344,007302,08-01-17, 2 , 22 ,638.00,BALLCHOC
01344,007301,08-01-17, 2 , 13 ,377.00,BALSTRAW
01344,850530,08-01-17, 1 , 9 ,0.00,BBQSAUCE
01344,850530,08-01-17, 2 , 13 ,0.00,BBQSAUCE
01344,008135,08-01-17, 1 , 1 ,149.00,BOX2-R
01344,008135,08-01-17, 2 , 1 ,156.00,BOX2-R
01344,008817,08-01-17, 1 , 29 ,4653.00,BOXDBCHS
01344,008817,08-01-17, 2 , 9 ,1464.00,BOXDBCHS
01344,009109,08-01-17, 1 , 2 ,0.00,BOXWZ-TN
01344,008294,08-01-17, 1 , 12 ,342.00,C/S-PHO
01344,008294,08-01-17, 2 , 6 ,228.00,C/S-PHO
01344,008294,08-01-17, 5 , 22 ,456.00,C/S-PHO
01344,851120,08-01-17, 1 , 1 ,0.00,CH_RICE
01344,851130,08-01-17, 1 , 1 ,0.00,CHANFISH
01344,851039,08-01-17, 1 , 60 ,0.00,CH-CC-HS
01344,851039,08-01-17, 2 , 20 ,0.00,CH-CC-HS
01344,008628,08-01-17, 5 , 26 ,5179.00,COB_DAI
01344,009121,08-01-17, 1 , 18 ,1242.00,COBPFR
01344,009121,08-01-17, 2 , 10 ,690.00,COBPFR
01344,006819,08-01-17, 2 , 148 ,1480.00,CONE
01344,009028,08-01-17, 1 , 5 ,295.00,CZABB
01344,009028,08-01-17, 2 , 2 ,118.00,CZABB
01344,009028,08-01-17, 5 , 18 ,1062.00,CZABB
01344,009031,08-01-17, 1 , 47 ,2979.00,CZABBPR
01344,009031,08-01-17, 2 , 15 ,1035.00,CZABBPR
01344,009029,08-01-17, 1 , 1 ,59.00,CZEED
01344,009029,08-01-17, 5 , 7 ,413.00,CZEED
01344,009032,08-01-17, 1 , 17 ,1187.00,CZEEDPR
01344,009032,08-01-17, 2 , 1 ,69.00,CZEEDPR
01344,009087,08-01-17, 2 , 2 ,158.00,DBCHSKFB
01344,009087,08-01-17, 5 , 3 ,237.00,DBCHSKFB
01344,008818,08-01-17, 1 , 3 ,237.00,DBCHSZGR
01344,008818,08-01-17, 2 , 1 ,79.00,DBCHSZGR
01344,008818,08-01-17, 5 , 5 ,395.00,DBCHSZGR
01344,155   ,08-01-17, 5 , 70 ,2800.00,DELIVERY
01344,001552,08-01-17, 2 , 19 ,285.00,DIPCONE
01344,009074,08-01-17, 1 , 17 ,2256.00,DIPKR129
01344,009074,08-01-17, 2 , 4 ,516.00,DIPKR129
01344,008654,08-01-17, 1 , 26 ,2087.00,DJ1_CC
01344,008654,08-01-17, 2 , 9 ,720.00,DJ1_CC
01344,008655,08-01-17, 1 , 25 ,2400.00,DJ2_CC
01344,008655,08-01-17, 2 , 4 ,368.00,DJ2_CC
01344,008656,08-01-17, 1 , 33 ,4073.00,DJ3_CC
01344,008656,08-01-17, 2 , 12 ,1485.00,DJ3_CC
01344,008943,08-01-17, 1 , 7 ,924.00,ET6FREE1
01344,008943,08-01-17, 2 , 8 ,1056.00,ET6FREE1
01344,008943,08-01-17, 5 , 6 ,792.00,ET6FREE1
01344,007219,08-01-17, 1 , 3 ,66.00,FEGTART1
01344,007219,08-01-17, 5 , 3 ,66.00,FEGTART1
01344,007220,08-01-17, 1 , 14 ,616.00,FEGTART2
01344,007220,08-01-17, 2 , 7 ,308.00,FEGTART2
01344,007220,08-01-17, 5 , 7 ,264.00,FEGTART2
01344,001602,08-01-17, 1 , 15 ,110.00,FRIES-J
01344,001602,08-01-17, 2 , 5 ,55.00,FRIES-J
01344,001602,08-01-17, 5 , 7 ,385.00,FRIES-J
01344,001601,08-01-17, 1 , 1 ,45.00,FRIES-L
01344,001601,08-01-17, 2 , 3 ,135.00,FRIES-L
01344,001601,08-01-17, 5 , 1 ,45.00,FRIES-L
01344,006250,08-01-17, 1 , 198 ,135.00,FRIES-R
01344,006250,08-01-17, 2 , 82 ,135.00,FRIES-R
01344,006250,08-01-17, 5 , 1 ,27.00,FRIES-R
01344,009015,08-01-17, 1 , 4 ,260.00,FZABB
01344,009015,08-01-17, 2 , 3 ,195.00,FZABB
01344,009015,08-01-17, 5 , 13 ,845.00,FZABB
01344,009018,08-01-17, 1 , 9 ,675.00,FZABBPR
01344,009018,08-01-17, 2 , 5 ,375.00,FZABBPR
01344,009016,08-01-17, 1 , 1 ,65.00,FZEED
01344,009016,08-01-17, 2 , 4 ,260.00,FZEED
01344,009016,08-01-17, 5 , 11 ,715.00,FZEED
01344,009019,08-01-17, 1 , 6 ,450.00,FZEEDPR
01344,0     ,08-01-17, 1 , 698 ,0.00,H&S
01344,0     ,08-01-17, 2 , 368 ,0.00,H&S
01344,0     ,08-01-17, 5 , 561 ,0.00,H&S
01344,008991,08-01-17, 1 , 16 ,2704.00,HE_169
01344,008991,08-01-17, 2 , 8 ,1352.00,HE_169
01344,008795,08-01-17, 5 , 11 ,3304.00,HS-CJJP
01344,008796,08-01-17, 5 , 9 ,3624.00,HS-ISJP
01344,008797,08-01-17, 5 , 18 ,10293.00,HS-SLJP
01344,006348,08-01-17, 1 , 1 ,0.00,ICOFF-R
01344,006348,08-01-17, 2 , 1 ,39.00,ICOFF-R
01344,009011,08-01-17, 1 , 1 ,10.00,KOREAN
01344,009058,08-01-17, 2 , 16 ,256.00,KRCHOCO
01344,008714,08-01-17, 5 , 2 ,198.00,LCOB1
01344,008715,08-01-17, 5 , 4 ,441.00,LCOB2
01344,851038,08-01-17, 1 , 108 ,0.00,LE-CC
01344,851038,08-01-17, 2 , 30 ,0.00,LE-CC
01344,009044,08-01-17, 5 , 1 ,109.00,LRICE-CS
01344,009043,08-01-17, 5 , 6 ,659.00,LRICE-CZ
01344,009047,08-01-17, 5 , 1 ,109.00,LRICE-FS
01344,009046,08-01-17, 5 , 4 ,436.00,LRICE-FZ
01344,008295,08-01-17, 1 , 7 ,228.00,M/PR-PHO
01344,008295,08-01-17, 2 , 9 ,304.00,M/PR-PHO
01344,008295,08-01-17, 5 , 54 ,228.00,M/PR-PHO
01344,007342,08-01-17, 5 , 3 ,60.00,M20
01344,006319,08-01-17, 2 , 1 ,51.00,MALT22FL
01344,009091,08-01-17, 1 , 3 ,352.00,MBDBCZIN
01344,009091,08-01-17, 2 , 2 ,230.00,MBDBCZIN
01344,009088,08-01-17, 1 , 12 ,1188.00,MBZINGER
01344,009088,08-01-17, 2 , 6 ,594.00,MBZINGER
01344,006115,08-01-17, 1 , 9 ,135.00,MINERE
01344,006115,08-01-17, 2 , 4 ,60.00,MINERE
01344,008730,08-01-17, 1 , 10 ,320.00,NEWCHPOP
01344,008730,08-01-17, 2 , 12 ,384.00,NEWCHPOP
01344,008730,08-01-17, 5 , 4 ,128.00,NEWCHPOP
01344,008970,08-01-17, 1 , 37 ,11390.00,NEWJJ299
01344,008970,08-01-17, 2 , 16 ,4840.00,NEWJJ299
01344,008971,08-01-17, 1 , 15 ,6055.00,NEWSJ399
01344,008971,08-01-17, 2 , 7 ,2793.00,NEWSJ399
01344,0     ,08-01-17, 1 , 447 ,0.00,NO MATCH
01344,0     ,08-01-17, 2 , 231 ,0.00,NO MATCH
01344,0     ,08-01-17, 5 , 422 ,0.00,NO MATCH
01344,007343,08-01-17, 5 , 1 ,20.00,P20
01344,007841,08-01-17, 5 , 7 ,156.00,PEP1.45L
01344,007840,08-01-17, 5 , 11 ,25.00,PEP550ML
01344,386   ,08-01-17, 1 , 26 ,84.00,PEPSI-L
01344,386   ,08-01-17, 2 , 10 ,126.00,PEPSI-L
01344,42    ,08-01-17, 1 , 354 ,525.00,PEPSI-R
01344,42    ,08-01-17, 2 , 144 ,595.00,PEPSI-R
01344,006252,08-01-17, 1 , 18 ,731.00,POTATO-L
01344,006252,08-01-17, 2 , 9 ,387.00,POTATO-L
01344,006252,08-01-17, 5 , 14 ,172.00,POTATO-L
01344,001698,08-01-17, 1 , 4 ,70.00,PSTMIX-R
01344,009146,08-01-17, 1 , 5 ,195.00,RD3WZ39
01344,009146,08-01-17, 2 , 11 ,429.00,RD3WZ39
01344,009147,08-01-17, 1 , 8 ,216.00,RDFFJ27
01344,009147,08-01-17, 2 , 6 ,162.00,RDFFJ27
01344,009151,08-01-17, 2 , 3 ,75.00,RDFLK25
01344,009149,08-01-17, 2 , 1 ,25.00,RDFLM25
01344,009148,08-01-17, 1 , 1 ,79.00,RDRCB79
01344,009148,08-01-17, 2 , 2 ,158.00,RDRCB79
01344,003900,08-01-17, 1 , 11 ,165.00,RICE
01344,003900,08-01-17, 2 , 2 ,30.00,RICE
01344,003900,08-01-17, 5 , 10 ,150.00,RICE
01344,007345,08-01-17, 5 , 3 ,60.00,S20
01344,006102,08-01-17, 1 , 9 ,315.00,SDONUT
01344,006102,08-01-17, 2 , 18 ,630.00,SDONUT
01344,006102,08-01-17, 5 , 9 ,175.00,SDONUT
01344,008920,08-01-17, 1 , 11 ,1089.00,SHKITWGZ
01344,008920,08-01-17, 2 , 7 ,693.00,SHKITWGZ
01344,008920,08-01-17, 5 , 6 ,594.00,SHKITWGZ
01344,008720,08-01-17, 5 , 1 ,135.00,SNAXB02
01344,008798,08-01-17, 5 , 5 ,675.00,SNAXBP1
01344,008806,08-01-17, 1 , 8 ,1112.00,SNBOXP
01344,008806,08-01-17, 2 , 9 ,1251.00,SNBOXP
01344,009114,08-01-17, 1 , 2 ,198.00,SS1C3NR
01344,009114,08-01-17, 2 , 3 ,297.00,SS1C3NR
01344,009086,08-01-17, 5 , 4 ,1215.00,SUKVAR
01344,009101,08-01-17, 5 , 2 ,250.00,SW-CFBUR
01344,007341,08-01-17, 5 , 17 ,340.00,T20
01344,007108,08-01-17, 5 , 6 ,297.00,T-4COB
01344,008803,08-01-17, 2 , 1 ,49.00,TA-T-2CH
01344,008805,08-01-17, 1 , 1 ,59.00,TATR2COB
01344,008804,08-01-17, 1 , 1 ,49.00,TA-TR-2P
01344,008801,08-01-17, 1 , 3 ,105.00,TA-TR-2T
01344,008801,08-01-17, 2 , 2 ,70.00,TA-TR-2T
01344,008800,08-01-17, 1 , 6 ,210.00,TA-TR-3W
01344,008800,08-01-17, 2 , 1 ,35.00,TA-TR-3W
01344,009134,08-01-17, 1 , 18 ,3582.00,TL7CB199
01344,009134,08-01-17, 2 , 11 ,2189.00,TL7CB199
01344,009120,08-01-17, 2 , 2 ,278.00,TLSN139
01344,007790,08-01-17, 2 , 3 ,9.00,TPRAINBW
01344,007738,08-01-17, 5 , 6 ,120.00,TRADECS
01344,850453,08-01-17, 1 , 13 ,0.00,TRD-OR
01344,850453,08-01-17, 2 , 6 ,0.00,TRD-OR
01344,850453,08-01-17, 5 , 76 ,0.00,TRD-OR
01344,850632,08-01-17, 1 , 1 ,62.00,TRDZFISH
01344,008296,08-01-17, 1 , 16 ,608.00,TUNA-PHO
01344,008296,08-01-17, 2 , 14 ,532.00,TUNA-PHO
01344,008296,08-01-17, 5 , 20 ,76.00,TUNA-PHO
01344,0     ,08-01-17, 1 , 471 ,0.00,UNMATCH
01344,0     ,08-01-17, 2 , 189 ,0.00,UNMATCH
01344,0     ,08-01-17, 5 , 118 ,0.00,UNMATCH
01344,007344,08-01-17, 5 , 24 ,480.00,W20
01344,008072,08-01-17, 1 , 18 ,0.00,WCDBK
01344,008072,08-01-17, 2 , 11 ,0.00,WCDBK
01344,67    ,08-01-17, 1 , 19 ,372.00,ZINGER
01344,67    ,08-01-17, 2 , 9 ,124.00,ZINGER
01344,67    ,08-01-17, 5 , 6 ,372.00,ZINGER
