01344, 1 ,08-01-17,134076.47
01344, 2 ,08-01-17,146577.00
01344, 3 ,08-01-17,3114.00
01344, 4 ,08-01-17,140663.00
01344, 5 ,08-01-17,137359.00
01344, 6 ,08-01-17,143463.00
01344, 7 ,08-01-17,0.00
01344, 8 ,08-01-17,0.00
01344, 9 ,08-01-17,102478.20
01344, 10 ,08-01-17,0.00
01344, 11 ,08-01-17,9386.53
01344, 12 ,08-01-17,0.00
01344, 15 ,08-01-17,767.00
01344, 16 ,08-01-17,0.00
01344, 17 ,08-01-17,0.00
01344, 18 ,08-01-17,0.00
01344, 19 ,08-01-17,130.00
01344, 21 ,08-01-17,0.00
01344, 22 ,08-01-17,0.00
01344, 25 ,08-01-17,8.00
01344, 26 ,08-01-17,4883.00
01344, 27 ,08-01-17,0.00
01344, 30 ,08-01-17,0.00
01344, 31 ,08-01-17,0.00
01344, 32 ,08-01-17,0.00
01344, 35 ,08-01-17,0.00
01344, 36 ,08-01-17,0.00
01344, 37 ,08-01-17,0.00
01344, 38 ,08-01-17,2952.00
01344, 39 ,08-01-17,11.00
01344, 40 ,08-01-17,66000.00
01344, 46 ,08-01-17,0.00
01344, 47 ,08-01-17,0.00
01344, 48 ,08-01-17,638.00
01344, 50 ,08-01-17,0.00
01344, 51 ,08-01-17,0.00
01344, 52 ,08-01-17,0.00
01344, 53 ,08-01-17,796.00
01344, 54 ,08-01-17,0.00
01344, 55 ,08-01-17,0.00
01344, 56 ,08-01-17,0.00
01344, 57 ,08-01-17,120.00
01344, 58 ,08-01-17,0.00
01344, 59 ,08-01-17,0.00
01344, 60 ,08-01-17,175.00
01344, 61 ,08-01-17,1091.00
01344, 63 ,08-01-17,0.00
01344, 64 ,08-01-17,70.00
01344, 65 ,08-01-17,41307.65
01344, 66 ,08-01-17,171.00
01344, 67 ,08-01-17,3648.10
01344, 68 ,08-01-17,0.00
01344, 69 ,08-01-17,2800.00
01344, 72 ,08-01-17,0.00
01344, 73 ,08-01-17,0.00
01344, 74 ,08-01-17,12.13
01344, 76 ,08-01-17,1934.00
01344, 77 ,08-01-17,0.00
01344, 78 ,08-01-17,0.00
01344, 79 ,08-01-17,0.00
01344, 80 ,08-01-17,59139.03
01344, 81 ,08-01-17,334.00
01344, 82 ,08-01-17,29981.69
01344, 83 ,08-01-17,192.00
01344, 84 ,08-01-17,0.00
01344, 85 ,08-01-17,0.00
01344, 501 ,08-01-17,0.00
01344, 502 ,08-01-17,0.00
01344, 503 ,08-01-17,0.00
01344, 504 ,08-01-17,0.00
01344, 505 ,08-01-17,0.00
01344, 506 ,08-01-17,0.00
01344, 507 ,08-01-17,0.00
01344, 508 ,08-01-17,0.00
01344, 509 ,08-01-17,0.00
