invoice,date,store,before vat,Vat,Total,price,quantity,before vat,Vat,Total,
1706X32292,01-07-2017,1551, 348.60 , 24.40 , 373.00 ,34.86, 10.00 , 348.60 , 24.40 , 373.00 ,
1706X32316,01-07-2017,1570, 811.80 , 56.83 , 868.63 ,27.06, 30.00 , 811.80 , 56.83 , 868.63 ,
1706X32711,01-07-2017,1640, 158.40 , 11.09 , 169.49 ,31.68, 5.00 , 158.40 , 11.09 , 169.49 ,
1706X32716,01-07-2017,1741, 380.16 , 26.61 , 406.77 ,31.68, 12.00 , 380.16 , 26.61 , 406.77 ,
1706X32717,01-07-2017,1534, 95.04 , 6.65 , 101.69 ,31.68, 3.00 , 95.04 , 6.65 , 101.69 ,
1706X32718,01-07-2017,1664, 253.44 , 17.74 , 271.18 ,31.68, 8.00 , 253.44 , 17.74 , 271.18 ,
1706X32719,01-07-2017,1557, 316.80 , 22.18 , 338.98 ,31.68, 10.00 , 316.80 , 22.18 , 338.98 ,
1706X32720,01-07-2017,1606, 253.44 , 17.74 , 271.18 ,31.68, 8.00 , 253.44 , 17.74 , 271.18 ,
1706X32732,01-07-2017,1559, 538.56 , 37.70 , 576.26 ,31.68, 17.00 , 538.56 , 37.70 , 576.26 ,
1706X32760,01-07-2017,1654, 633.60 , 44.35 , 677.95 ,31.68, 20.00 , 633.60 , 44.35 , 677.95 ,
1706X32761,01-07-2017,1257, 950.40 , 66.53 ," 1,016.93 ",31.68, 30.00 , 950.40 , 66.53 ," 1,016.93 ",
1706X32762,01-07-2017,1603," 1,900.80 ", 133.06 ," 2,033.86 ",31.68, 60.00 ," 1,900.80 ", 133.06 ," 2,033.86 ",
1706X32763,01-07-2017,1511, 633.60 , 44.35 , 677.95 ,31.68, 20.00 , 633.60 , 44.35 , 677.95 ,
1706X32765,01-07-2017,1331," 1,267.20 ", 88.70 ," 1,355.90 ",31.68, 40.00 ," 1,267.20 ", 88.70 ," 1,355.90 ",
1706X32769,01-07-2017,1324, 735.00 , 51.45 , 786.45 ,29.4, 25.00 , 735.00 , 51.45 , 786.45 ,
1706X32774,01-07-2017,1524, 147.00 , 10.29 , 157.29 ,29.4, 5.00 , 147.00 , 10.29 , 157.29 ,
1706X32780,01-07-2017,1473, 950.40 , 66.53 ," 1,016.93 ",31.68, 30.00 , 950.40 , 66.53 ," 1,016.93 ",
1706X32783,01-07-2017,1467, 316.80 , 22.18 , 338.98 ,31.68, 10.00 , 316.80 , 22.18 , 338.98 ,
1706X32784,01-07-2017,1632, 475.20 , 33.26 , 508.46 ,31.68, 15.00 , 475.20 , 33.26 , 508.46 ,
1706X32785,01-07-2017,1493, 380.16 , 26.61 , 406.77 ,31.68, 12.00 , 380.16 , 26.61 , 406.77 ,
1706X32809,01-07-2017,1423, 541.20 , 37.88 , 579.08 ,27.06, 20.00 , 541.20 , 37.88 , 579.08 ,
1706X32815,01-07-2017,1689, 405.90 , 28.41 , 434.31 ,27.06, 15.00 , 405.90 , 28.41 , 434.31 ,
1706X32832,01-07-2017,1346," 1,082.40 ", 75.77 ," 1,158.17 ",27.06, 40.00 ," 1,082.40 ", 75.77 ," 1,158.17 ",
1706X32833,01-07-2017,2234, 541.20 , 37.88 , 579.08 ,27.06, 20.00 , 541.20 , 37.88 , 579.08 ,
1706X32872,01-07-2017,1228," 1,082.40 ", 75.77 ," 1,158.17 ",27.06, 40.00 ," 1,082.40 ", 75.77 ," 1,158.17 ",
1706X32873,01-07-2017,1397, 216.48 , 15.15 , 231.63 ,27.06, 8.00 , 216.48 , 15.15 , 231.63 ,
1706X32874,01-07-2017,1439, 270.60 , 18.94 , 289.54 ,27.06, 10.00 , 270.60 , 18.94 , 289.54 ,
1706X32875,01-07-2017,1219, 541.20 , 37.88 , 579.08 ,27.06, 20.00 , 541.20 , 37.88 , 579.08 ,
1706X32899,01-07-2017,1584, 676.50 , 47.36 , 723.86 ,27.06, 25.00 , 676.50 , 47.36 , 723.86 ,
1706X32904,01-07-2017,1379, 811.80 , 56.83 , 868.63 ,27.06, 30.00 , 811.80 , 56.83 , 868.63 ,
1706X32918,01-07-2017,1345, 541.20 , 37.88 , 579.08 ,27.06, 20.00 , 541.20 , 37.88 , 579.08 ,
1706X32938,01-07-2017,1479, 811.80 , 56.83 , 868.63 ,27.06, 30.00 , 811.80 , 56.83 , 868.63 ,
1706X32939,01-07-2017,1247, 405.90 , 28.41 , 434.31 ,27.06, 15.00 , 405.90 , 28.41 , 434.31 ,
1706X32943,01-07-2017,1292, 405.90 , 28.41 , 434.31 ,27.06, 15.00 , 405.90 , 28.41 , 434.31 ,
1706X32944,01-07-2017,1377, 541.20 , 37.88 , 579.08 ,27.06, 20.00 , 541.20 , 37.88 , 579.08 ,
1706X32979,01-07-2017,1607, 541.20 , 37.88 , 579.08 ,27.06, 20.00 , 541.20 , 37.88 , 579.08 ,
1706X32997,01-07-2017,1472, 86.04 , 6.02 , 92.06 ,28.68, 3.00 , 86.04 , 6.02 , 92.06 ,
1706X33006,01-07-2017,1566, 860.40 , 60.23 , 920.63 ,28.68, 30.00 , 860.40 , 60.23 , 920.63 ,
1706X33039,01-07-2017,1560, 729.00 , 51.03 , 780.03 ,29.16, 25.00 , 729.00 , 51.03 , 780.03 ,
1706X33040,01-07-2017,1642, 437.40 , 30.62 , 468.02 ,29.16, 15.00 , 437.40 , 30.62 , 468.02 ,
1706X33053,01-07-2017,1583, 229.44 , 16.06 , 245.50 ,28.68, 8.00 , 229.44 , 16.06 , 245.50 ,
1706X33213,01-07-2017,1665, 676.50 , 47.36 , 723.86 ,27.06, 25.00 , 676.50 , 47.36 , 723.86 ,
1706X33246,01-07-2017,1465, 324.72 , 22.73 , 347.45 ,27.06, 12.00 , 324.72 , 22.73 , 347.45 ,
1706X33247,01-07-2017,1419, 405.90 , 28.41 , 434.31 ,27.06, 15.00 , 405.90 , 28.41 , 434.31 ,
1706X33248,01-07-2017,2222, 270.60 , 18.94 , 289.54 ,27.06, 10.00 , 270.60 , 18.94 , 289.54 ,
1706X33259,01-07-2017,1311, 541.20 , 37.88 , 579.08 ,27.06, 20.00 , 541.20 , 37.88 , 579.08 ,
1706X33323,01-07-2017,2219, 541.20 , 37.88 , 579.08 ,27.06, 20.00 , 541.20 , 37.88 , 579.08 ,
1706X33324,01-07-2017,1264, 811.80 , 56.83 , 868.63 ,27.06, 30.00 , 811.80 , 56.83 , 868.63 ,
1706X33326,01-07-2017,1671," 1,082.40 ", 75.77 ," 1,158.17 ",27.06, 40.00 ," 1,082.40 ", 75.77 ," 1,158.17 ",
1706X33356,01-07-2017,1634, 324.72 , 22.73 , 347.45 ,27.06, 12.00 , 324.72 , 22.73 , 347.45 ,
1706X33404,02-07-2017,1468, 871.50 , 61.01 , 932.51 ,34.86, 25.00 , 871.50 , 61.01 , 932.51 ,
1706X33425,02-07-2017,1619," 1,082.40 ", 75.77 ," 1,158.17 ",27.06, 40.00 ," 1,082.40 ", 75.77 ," 1,158.17 ",
1706X33426,02-07-2017,1414," 2,164.80 ", 151.54 ," 2,316.34 ",27.06, 80.00 ," 2,164.80 ", 151.54 ," 2,316.34 ",
1706X33427,02-07-2017,1733, 270.60 , 18.94 , 289.54 ,27.06, 10.00 , 270.60 , 18.94 , 289.54 ,
1706X33428,02-07-2017,1373, 811.80 , 56.83 , 868.63 ,27.06, 30.00 , 811.80 , 56.83 , 868.63 ,
1707X00222,02-07-2017,1562, 541.20 , 37.88 , 579.08 ,27.06, 20.00 , 541.20 , 37.88 , 579.08 ,
1707X00225,02-07-2017,1683," 1,082.40 ", 75.77 ," 1,158.17 ",27.06, 40.00 ," 1,082.40 ", 75.77 ," 1,158.17 ",
1707X00226,02-07-2017,1593, 811.80 , 56.83 , 868.63 ,27.06, 30.00 , 811.80 , 56.83 , 868.63 ,
1707X00227,02-07-2017,2213, 811.80 , 56.83 , 868.63 ,27.06, 30.00 , 811.80 , 56.83 , 868.63 ,
1707X00228,02-07-2017,1293, 811.80 , 56.83 , 868.63 ,27.06, 30.00 , 811.80 , 56.83 , 868.63 ,
1707X00247,02-07-2017,1485, 541.20 , 37.88 , 579.08 ,27.06, 20.00 , 541.20 , 37.88 , 579.08 ,
1707X00248,02-07-2017,1453," 1,353.00 ", 94.71 ," 1,447.71 ",27.06, 50.00 ," 1,353.00 ", 94.71 ," 1,447.71 ",
1707X00443,02-07-2017,1492, 475.20 , 33.26 , 508.46 ,31.68, 15.00 , 475.20 , 33.26 , 508.46 ,
1707X00445,02-07-2017,1657, 887.04 , 62.09 , 949.13 ,31.68, 28.00 , 887.04 , 62.09 , 949.13 ,
1707X00446,02-07-2017,1322, 633.60 , 44.35 , 677.95 ,31.68, 20.00 , 633.60 , 44.35 , 677.95 ,
1707X00447,02-07-2017,1484, 475.20 , 33.26 , 508.46 ,31.68, 15.00 , 475.20 , 33.26 , 508.46 ,
1707X00448,02-07-2017,1491, 316.80 , 22.18 , 338.98 ,31.68, 10.00 , 316.80 , 22.18 , 338.98 ,
1707X00450,02-07-2017,1674, 316.80 , 22.18 , 338.98 ,31.68, 10.00 , 316.80 , 22.18 , 338.98 ,
1707X00457,02-07-2017,1613, 316.80 , 22.18 , 338.98 ,31.68, 10.00 , 316.80 , 22.18 , 338.98 ,
1707X00458,02-07-2017,1380, 792.00 , 55.44 , 847.44 ,31.68, 25.00 , 792.00 , 55.44 , 847.44 ,
1707X00459,02-07-2017,1647, 190.08 , 13.31 , 203.39 ,31.68, 6.00 , 190.08 , 13.31 , 203.39 ,
1707X00460,02-07-2017,1208, 316.80 , 22.18 , 338.98 ,31.68, 10.00 , 316.80 , 22.18 , 338.98 ,
1707X00465,02-07-2017,1716, 316.80 , 22.18 , 338.98 ,31.68, 10.00 , 316.80 , 22.18 , 338.98 ,
1707X00466,02-07-2017,1678, 475.20 , 33.26 , 508.46 ,31.68, 15.00 , 475.20 , 33.26 , 508.46 ,
1707X00492,02-07-2017,1563, 792.00 , 55.44 , 847.44 ,31.68, 25.00 , 792.00 , 55.44 , 847.44 ,
1707X00493,02-07-2017,1713, 950.40 , 66.53 ," 1,016.93 ",31.68, 30.00 , 950.40 , 66.53 ," 1,016.93 ",
1707X00496,02-07-2017,1587, 588.00 , 41.16 , 629.16 ,29.4, 20.00 , 588.00 , 41.16 , 629.16 ,
1707X00499,02-07-2017,1650, 316.80 , 22.18 , 338.98 ,31.68, 10.00 , 316.80 , 22.18 , 338.98 ,
1707X00500,02-07-2017,1396, 633.60 , 44.35 , 677.95 ,31.68, 20.00 , 633.60 , 44.35 , 677.95 ,
1707X00501,02-07-2017,1393, 633.60 , 44.35 , 677.95 ,31.68, 20.00 , 633.60 , 44.35 , 677.95 ,
1707X00502,02-07-2017,1266, 633.60 , 44.35 , 677.95 ,31.68, 20.00 , 633.60 , 44.35 , 677.95 ,
1707X00503,02-07-2017,1698, 158.40 , 11.09 , 169.49 ,31.68, 5.00 , 158.40 , 11.09 , 169.49 ,
1707X00504,02-07-2017,1694, 253.44 , 17.74 , 271.18 ,31.68, 8.00 , 253.44 , 17.74 , 271.18 ,
1707X00505,02-07-2017,1458, 570.24 , 39.92 , 610.16 ,31.68, 18.00 , 570.24 , 39.92 , 610.16 ,
1707X00506,02-07-2017,1239, 633.60 , 44.35 , 677.95 ,31.68, 20.00 , 633.60 , 44.35 , 677.95 ,
1707X00608,02-07-2017,1202, 676.50 , 47.36 , 723.86 ,27.06, 25.00 , 676.50 , 47.36 , 723.86 ,
1707X00609,02-07-2017,1369, 811.80 , 56.83 , 868.63 ,27.06, 30.00 , 811.80 , 56.83 , 868.63 ,
1707X00613,02-07-2017,1443," 1,082.40 ", 75.77 ," 1,158.17 ",27.06, 40.00 ," 1,082.40 ", 75.77 ," 1,158.17 ",
1707X00646,02-07-2017,1490, 405.90 , 28.41 , 434.31 ,27.06, 15.00 , 405.90 , 28.41 , 434.31 ,
1707X00647,02-07-2017,1721," 1,353.00 ", 94.71 ," 1,447.71 ",27.06, 50.00 ," 1,353.00 ", 94.71 ," 1,447.71 ",
1707X00648,02-07-2017,2235, 541.20 , 37.88 , 579.08 ,27.06, 20.00 , 541.20 , 37.88 , 579.08 ,
1707X00649,02-07-2017,1407, 405.90 , 28.41 , 434.31 ,27.06, 15.00 , 405.90 , 28.41 , 434.31 ,
1707X00687,02-07-2017,1643, 344.16 , 24.09 , 368.25 ,28.68, 12.00 , 344.16 , 24.09 , 368.25 ,
1707X00688,02-07-2017,1558, 286.80 , 20.08 , 306.88 ,28.68, 10.00 , 286.80 , 20.08 , 306.88 ,
1707X00689,02-07-2017,1638, 430.20 , 30.11 , 460.31 ,28.68, 15.00 , 430.20 , 30.11 , 460.31 ,
1707X00718,02-07-2017,1707, 172.08 , 12.05 , 184.13 ,28.68, 6.00 , 172.08 , 12.05 , 184.13 ,
1707X00808,02-07-2017,1727," 1,353.00 ", 94.71 ," 1,447.71 ",27.06, 50.00 ," 1,353.00 ", 94.71 ," 1,447.71 ",
1707X00809,02-07-2017,1545, 216.48 , 15.15 , 231.63 ,27.06, 8.00 , 216.48 , 15.15 , 231.63 ,
1707X00810,02-07-2017,1555, 541.20 , 37.88 , 579.08 ,27.06, 20.00 , 541.20 , 37.88 , 579.08 ,
1707X00915,02-07-2017,1686, 324.72 , 22.73 , 347.45 ,27.06, 12.00 , 324.72 , 22.73 , 347.45 ,
1707X00916,02-07-2017,1652, 541.20 , 37.88 , 579.08 ,27.06, 20.00 , 541.20 , 37.88 , 579.08 ,
1707X00917,02-07-2017,1512, 541.20 , 37.88 , 579.08 ,27.06, 20.00 , 541.20 , 37.88 , 579.08 ,
1707X00963,02-07-2017,1595, 676.50 , 47.36 , 723.86 ,27.06, 25.00 , 676.50 , 47.36 , 723.86 ,
1707X01003,02-07-2017,1402, 541.20 , 37.88 , 579.08 ,27.06, 20.00 , 541.20 , 37.88 , 579.08 ,
1707X01004,02-07-2017,1668, 270.60 , 18.94 , 289.54 ,27.06, 10.00 , 270.60 , 18.94 , 289.54 ,
1707X01005,02-07-2017,1616, 541.20 , 37.88 , 579.08 ,27.06, 20.00 , 541.20 , 37.88 , 579.08 ,
1707X01006,02-07-2017,1445, 270.60 , 18.94 , 289.54 ,27.06, 10.00 , 270.60 , 18.94 , 289.54 ,
1707X01007,02-07-2017,1312, 811.80 , 56.83 , 868.63 ,27.06, 30.00 , 811.80 , 56.83 , 868.63 ,
1707X01035,02-07-2017,1609, 811.80 , 56.83 , 868.63 ,27.06, 30.00 , 811.80 , 56.83 , 868.63 ,
1707X01060,03-07-2017,1570, 811.80 , 56.83 , 868.63 ,27.06, 30.00 , 811.80 , 56.83 , 868.63 ,
1707X01082,03-07-2017,1551," 1,045.80 ", 73.21 ," 1,119.01 ",34.86, 30.00 ," 1,045.80 ", 73.21 ," 1,119.01 ",
1707X01216,03-07-2017,1346," 1,353.00 ", 94.71 ," 1,447.71 ",27.06, 50.00 ," 1,353.00 ", 94.71 ," 1,447.71 ",
1707X01217,03-07-2017,2234, 541.20 , 37.88 , 579.08 ,27.06, 20.00 , 541.20 , 37.88 , 579.08 ,
1707X01221,03-07-2017,1689, 270.60 , 18.94 , 289.54 ,27.06, 10.00 , 270.60 , 18.94 , 289.54 ,
1707X01249,03-07-2017,1423, 405.90 , 28.41 , 434.31 ,27.06, 15.00 , 405.90 , 28.41 , 434.31 ,
1707X01274,03-07-2017,1670, 633.60 , 44.35 , 677.95 ,31.68, 20.00 , 633.60 , 44.35 , 677.95 ,
1707X01275,03-07-2017,1640, 316.80 , 22.18 , 338.98 ,31.68, 10.00 , 316.80 , 22.18 , 338.98 ,
1707X01276,03-07-2017,1557, 253.44 , 17.74 , 271.18 ,31.68, 8.00 , 253.44 , 17.74 , 271.18 ,
1707X01277,03-07-2017,1534, 126.72 , 8.87 , 135.59 ,31.68, 4.00 , 126.72 , 8.87 , 135.59 ,
1707X01278,03-07-2017,1606, 253.44 , 17.74 , 271.18 ,31.68, 8.00 , 253.44 , 17.74 , 271.18 ,
1707X01279,03-07-2017,1653," 1,425.60 ", 99.79 ," 1,525.39 ",31.68, 45.00 ," 1,425.60 ", 99.79 ," 1,525.39 ",
1707X01303,03-07-2017,1257, 950.40 , 66.53 ," 1,016.93 ",31.68, 30.00 , 950.40 , 66.53 ," 1,016.93 ",
1707X01304,03-07-2017,1702," 1,488.96 ", 104.23 ," 1,593.19 ",31.68, 47.00 ," 1,488.96 ", 104.23 ," 1,593.19 ",
1707X01305,03-07-2017,1511, 950.40 , 66.53 ," 1,016.93 ",31.68, 30.00 , 950.40 , 66.53 ," 1,016.93 ",
1707X01306,03-07-2017,1603," 1,900.80 ", 133.06 ," 2,033.86 ",31.68, 60.00 ," 1,900.80 ", 133.06 ," 2,033.86 ",
1707X01307,03-07-2017,1331," 1,108.80 ", 77.62 ," 1,186.42 ",31.68, 35.00 ," 1,108.80 ", 77.62 ," 1,186.42 ",
1707X01329,03-07-2017,1561, 588.00 , 41.16 , 629.16 ,29.4, 20.00 , 588.00 , 41.16 , 629.16 ,
1707X01331,03-07-2017,1524, 176.40 , 12.35 , 188.75 ,29.4, 6.00 , 176.40 , 12.35 , 188.75 ,
1707X01332,03-07-2017,1324, 441.00 , 30.87 , 471.87 ,29.4, 15.00 , 441.00 , 30.87 , 471.87 ,
1707X01336,03-07-2017,1473, 792.00 , 55.44 , 847.44 ,31.68, 25.00 , 792.00 , 55.44 , 847.44 ,
1707X01345,03-07-2017,1632, 380.16 , 26.61 , 406.77 ,31.68, 12.00 , 380.16 , 26.61 , 406.77 ,
1707X01346,03-07-2017,1467, 380.16 , 26.61 , 406.77 ,31.68, 12.00 , 380.16 , 26.61 , 406.77 ,
1707X01557,03-07-2017,1379, 541.20 , 37.88 , 579.08 ,27.06, 20.00 , 541.20 , 37.88 , 579.08 ,
1707X01558,03-07-2017,1584, 541.20 , 37.88 , 579.08 ,27.06, 20.00 , 541.20 , 37.88 , 579.08 ,
1707X01590,03-07-2017,1228, 811.80 , 56.83 , 868.63 ,27.06, 30.00 , 811.80 , 56.83 , 868.63 ,
1707X01591,03-07-2017,1439, 270.60 , 18.94 , 289.54 ,27.06, 10.00 , 270.60 , 18.94 , 289.54 ,
1707X01592,03-07-2017,1219, 270.60 , 18.94 , 289.54 ,27.06, 10.00 , 270.60 , 18.94 , 289.54 ,
1707X01593,03-07-2017,1397, 216.48 , 15.15 , 231.63 ,27.06, 8.00 , 216.48 , 15.15 , 231.63 ,
1707X01631,03-07-2017,1607, 405.90 , 28.41 , 434.31 ,27.06, 15.00 , 405.90 , 28.41 , 434.31 ,
1707X01663,03-07-2017,1292, 270.60 , 18.94 , 289.54 ,27.06, 10.00 , 270.60 , 18.94 , 289.54 ,
1707X01664,03-07-2017,1479," 1,623.60 ", 113.65 ," 1,737.25 ",27.06, 60.00 ," 1,623.60 ", 113.65 ," 1,737.25 ",
1707X01699,03-07-2017,1472, 57.36 , 4.02 , 61.38 ,28.68, 2.00 , 57.36 , 4.02 , 61.38 ,
1707X01714,03-07-2017,1566, 573.60 , 40.15 , 613.75 ,28.68, 20.00 , 573.60 , 40.15 , 613.75 ,
1707X01744,03-07-2017,1498, 583.20 , 40.82 , 624.02 ,29.16, 20.00 , 583.20 , 40.82 , 624.02 ,
1707X01745,03-07-2017,1560, 437.40 , 30.62 , 468.02 ,29.16, 15.00 , 437.40 , 30.62 , 468.02 ,
1707X01746,03-07-2017,1583, 229.44 , 16.06 , 245.50 ,28.68, 8.00 , 229.44 , 16.06 , 245.50 ,
1707X01880,03-07-2017,1634, 216.48 , 15.15 , 231.63 ,27.06, 8.00 , 216.48 , 15.15 , 231.63 ,
1707X01884,03-07-2017,1347, 405.90 , 28.41 , 434.31 ,27.06, 15.00 , 405.90 , 28.41 , 434.31 ,
1707X01914,03-07-2017,2219, 676.50 , 47.36 , 723.86 ,27.06, 25.00 , 676.50 , 47.36 , 723.86 ,
1707X01915,03-07-2017,1340, 405.90 , 28.41 , 434.31 ,27.06, 15.00 , 405.90 , 28.41 , 434.31 ,
1707X01949,03-07-2017,1581, 405.90 , 28.41 , 434.31 ,27.06, 15.00 , 405.90 , 28.41 , 434.31 ,
1707X01950,03-07-2017,1459, 811.80 , 56.83 , 868.63 ,27.06, 30.00 , 811.80 , 56.83 , 868.63 ,
1707X01951,03-07-2017,2222, 405.90 , 28.41 , 434.31 ,27.06, 15.00 , 405.90 , 28.41 , 434.31 ,
1707X01952,03-07-2017,1419, 405.90 , 28.41 , 434.31 ,27.06, 15.00 , 405.90 , 28.41 , 434.31 ,
1707X01953,03-07-2017,1465, 270.60 , 18.94 , 289.54 ,27.06, 10.00 , 270.60 , 18.94 , 289.54 ,
1707X01955,03-07-2017,1311, 541.20 , 37.88 , 579.08 ,27.06, 20.00 , 541.20 , 37.88 , 579.08 ,
1707X02120,04-07-2017,1468, 522.90 , 36.60 , 559.50 ,34.86, 15.00 , 522.90 , 36.60 , 559.50 ,
1707X02135,04-07-2017,1373, 541.20 , 37.88 , 579.08 ,27.06, 20.00 , 541.20 , 37.88 , 579.08 ,
1707X02136,04-07-2017,1619," 1,082.40 ", 75.77 ," 1,158.17 ",27.06, 40.00 ," 1,082.40 ", 75.77 ," 1,158.17 ",
1707X02137,04-07-2017,1344, 541.20 , 37.88 , 579.08 ,27.06, 20.00 , 541.20 , 37.88 , 579.08 ,
1707X02138,04-07-2017,1733, 270.60 , 18.94 , 289.54 ,27.06, 10.00 , 270.60 , 18.94 , 289.54 ,
1707X02333,04-07-2017,1453, 947.10 , 66.30 ," 1,013.40 ",27.06, 35.00 , 947.10 , 66.30 ," 1,013.40 ",
1707X02334,04-07-2017,1485, 541.20 , 37.88 , 579.08 ,27.06, 20.00 , 541.20 , 37.88 , 579.08 ,
1707X02361,04-07-2017,1293, 811.80 , 56.83 , 868.63 ,27.06, 30.00 , 811.80 , 56.83 , 868.63 ,
1707X02362,04-07-2017,1562, 811.80 , 56.83 , 868.63 ,27.06, 30.00 , 811.80 , 56.83 , 868.63 ,
1707X02363,04-07-2017,1683, 811.80 , 56.83 , 868.63 ,27.06, 30.00 , 811.80 , 56.83 , 868.63 ,
1707X02364,04-07-2017,2213, 947.10 , 66.30 ," 1,013.40 ",27.06, 35.00 , 947.10 , 66.30 ," 1,013.40 ",
1707X02365,04-07-2017,1593, 811.80 , 56.83 , 868.63 ,27.06, 30.00 , 811.80 , 56.83 , 868.63 ,
1707X02544,04-07-2017,1492, 316.80 , 22.18 , 338.98 ,31.68, 10.00 , 316.80 , 22.18 , 338.98 ,
1707X02545,04-07-2017,1322, 950.40 , 66.53 ," 1,016.93 ",31.68, 30.00 , 950.40 , 66.53 ," 1,016.93 ",
1707X02546,04-07-2017,1657, 633.60 , 44.35 , 677.95 ,31.68, 20.00 , 633.60 , 44.35 , 677.95 ,
1707X02552,04-07-2017,1674, 190.08 , 13.31 , 203.39 ,31.68, 6.00 , 190.08 , 13.31 , 203.39 ,
1707X02553,04-07-2017,1491, 316.80 , 22.18 , 338.98 ,31.68, 10.00 , 316.80 , 22.18 , 338.98 ,
1707X02554,04-07-2017,1484, 316.80 , 22.18 , 338.98 ,31.68, 10.00 , 316.80 , 22.18 , 338.98 ,
1707X02562,04-07-2017,1208, 380.16 , 26.61 , 406.77 ,31.68, 12.00 , 380.16 , 26.61 , 406.77 ,
1707X02563,04-07-2017,1380, 633.60 , 44.35 , 677.95 ,31.68, 20.00 , 633.60 , 44.35 , 677.95 ,
1707X02564,04-07-2017,1613, 253.44 , 17.74 , 271.18 ,31.68, 8.00 , 253.44 , 17.74 , 271.18 ,
1707X02565,04-07-2017,1647, 190.08 , 13.31 , 203.39 ,31.68, 6.00 , 190.08 , 13.31 , 203.39 ,
1707X02570,04-07-2017,1678, 158.40 , 11.09 , 169.49 ,31.68, 5.00 , 158.40 , 11.09 , 169.49 ,
1707X02579,04-07-2017,1563, 950.40 , 66.53 ," 1,016.93 ",31.68, 30.00 , 950.40 , 66.53 ," 1,016.93 ",
1707X02580,04-07-2017,1713, 633.60 , 44.35 , 677.95 ,31.68, 20.00 , 633.60 , 44.35 , 677.95 ,
1707X02604,04-07-2017,1266, 475.20 , 33.26 , 508.46 ,31.68, 15.00 , 475.20 , 33.26 , 508.46 ,
1707X02605,04-07-2017,1393, 792.00 , 55.44 , 847.44 ,31.68, 25.00 , 792.00 , 55.44 , 847.44 ,
1707X02606,04-07-2017,1650, 475.20 , 33.26 , 508.46 ,31.68, 15.00 , 475.20 , 33.26 , 508.46 ,
1707X02607,04-07-2017,1396, 475.20 , 33.26 , 508.46 ,31.68, 15.00 , 475.20 , 33.26 , 508.46 ,
1707X02615,04-07-2017,1239, 633.60 , 44.35 , 677.95 ,31.68, 20.00 , 633.60 , 44.35 , 677.95 ,
1707X02616,04-07-2017,1698, 158.40 , 11.09 , 169.49 ,31.68, 5.00 , 158.40 , 11.09 , 169.49 ,
1707X02617,04-07-2017,1458, 475.20 , 33.26 , 508.46 ,31.68, 15.00 , 475.20 , 33.26 , 508.46 ,
1707X02621,04-07-2017,1694, 316.80 , 22.18 , 338.98 ,31.68, 10.00 , 316.80 , 22.18 , 338.98 ,
1707X02695,04-07-2017,1369, 811.80 , 56.83 , 868.63 ,27.06, 30.00 , 811.80 , 56.83 , 868.63 ,
1707X02696,04-07-2017,1202, 811.80 , 56.83 , 868.63 ,27.06, 30.00 , 811.80 , 56.83 , 868.63 ,
1707X02697,04-07-2017,1443, 811.80 , 56.83 , 868.63 ,27.06, 30.00 , 811.80 , 56.83 , 868.63 ,
1707X02698,04-07-2017,1556, 324.72 , 22.73 , 347.45 ,27.06, 12.00 , 324.72 , 22.73 , 347.45 ,
1707X02725,04-07-2017,1433, 676.50 , 47.36 , 723.86 ,27.06, 25.00 , 676.50 , 47.36 , 723.86 ,
1707X02726,04-07-2017,1490, 405.90 , 28.41 , 434.31 ,27.06, 15.00 , 405.90 , 28.41 , 434.31 ,
1707X02727,04-07-2017,1407, 405.90 , 28.41 , 434.31 ,27.06, 15.00 , 405.90 , 28.41 , 434.31 ,
1707X02728,04-07-2017,1721," 1,082.40 ", 75.77 ," 1,158.17 ",27.06, 40.00 ," 1,082.40 ", 75.77 ," 1,158.17 ",
1707X02729,04-07-2017,2235, 541.20 , 37.88 , 579.08 ,27.06, 20.00 , 541.20 , 37.88 , 579.08 ,
1707X02778,04-07-2017,1558, 286.80 , 20.08 , 306.88 ,28.68, 10.00 , 286.80 , 20.08 , 306.88 ,
1707X02779,04-07-2017,1643, 286.80 , 20.08 , 306.88 ,28.68, 10.00 , 286.80 , 20.08 , 306.88 ,
1707X02785,04-07-2017,1638, 286.80 , 20.08 , 306.88 ,28.68, 10.00 , 286.80 , 20.08 , 306.88 ,
1707X02820,04-07-2017,1452, 729.00 , 51.03 , 780.03 ,29.16, 25.00 , 729.00 , 51.03 , 780.03 ,
1707X02821,04-07-2017,1707, 229.44 , 16.06 , 245.50 ,28.68, 8.00 , 229.44 , 16.06 , 245.50 ,
1707X02952,04-07-2017,1595, 811.80 , 56.83 , 868.63 ,27.06, 30.00 , 811.80 , 56.83 , 868.63 ,
1707X03023,04-07-2017,1545, 270.60 , 18.94 , 289.54 ,27.06, 10.00 , 270.60 , 18.94 , 289.54 ,
1707X03024,04-07-2017,1727," 1,623.60 ", 113.65 ," 1,737.25 ",27.06, 60.00 ," 1,623.60 ", 113.65 ," 1,737.25 ",
1707X03025,04-07-2017,1437, 811.80 , 56.83 , 868.63 ,27.06, 30.00 , 811.80 , 56.83 , 868.63 ,
1707X03026,04-07-2017,1555, 541.20 , 37.88 , 579.08 ,27.06, 20.00 , 541.20 , 37.88 , 579.08 ,
1707X03133,04-07-2017,1652, 541.20 , 37.88 , 579.08 ,27.06, 20.00 , 541.20 , 37.88 , 579.08 ,
1707X03134,04-07-2017,1512, 405.90 , 28.41 , 434.31 ,27.06, 15.00 , 405.90 , 28.41 , 434.31 ,
1707X03135,04-07-2017,1686, 324.72 , 22.73 , 347.45 ,27.06, 12.00 , 324.72 , 22.73 , 347.45 ,
1707X03169,04-07-2017,1668, 270.60 , 18.94 , 289.54 ,27.06, 10.00 , 270.60 , 18.94 , 289.54 ,
1707X03170,04-07-2017,1402, 270.60 , 18.94 , 289.54 ,27.06, 10.00 , 270.60 , 18.94 , 289.54 ,
1707X03171,04-07-2017,1609, 541.20 , 37.88 , 579.08 ,27.06, 20.00 , 541.20 , 37.88 , 579.08 ,
1707X03172,04-07-2017,1445, 270.60 , 18.94 , 289.54 ,27.06, 10.00 , 270.60 , 18.94 , 289.54 ,
1707X03173,04-07-2017,1616, 541.20 , 37.88 , 579.08 ,27.06, 20.00 , 541.20 , 37.88 , 579.08 ,
1707X03204,05-07-2017,1551, 348.60 , 24.40 , 373.00 ,34.86, 10.00 , 348.60 , 24.40 , 373.00 ,
1707X03210,05-07-2017,1570, 811.80 , 56.83 , 868.63 ,27.06, 30.00 , 811.80 , 56.83 , 868.63 ,
1707X03377,05-07-2017,1640, 316.80 , 22.18 , 338.98 ,31.68, 10.00 , 316.80 , 22.18 , 338.98 ,
1707X03378,05-07-2017,1741, 253.44 , 17.74 , 271.18 ,31.68, 8.00 , 253.44 , 17.74 , 271.18 ,
1707X03379,05-07-2017,1534, 126.72 , 8.87 , 135.59 ,31.68, 4.00 , 126.72 , 8.87 , 135.59 ,
1707X03380,05-07-2017,1606, 253.44 , 17.74 , 271.18 ,31.68, 8.00 , 253.44 , 17.74 , 271.18 ,
1707X03381,05-07-2017,1664, 158.40 , 11.09 , 169.49 ,31.68, 5.00 , 158.40 , 11.09 , 169.49 ,
1707X03382,05-07-2017,1557, 253.44 , 17.74 , 271.18 ,31.68, 8.00 , 253.44 , 17.74 , 271.18 ,
1707X03383,05-07-2017,1559, 475.20 , 33.26 , 508.46 ,31.68, 15.00 , 475.20 , 33.26 , 508.46 ,
1707X03384,05-07-2017,1569, 316.80 , 22.18 , 338.98 ,31.68, 10.00 , 316.80 , 22.18 , 338.98 ,
1707X03389,05-07-2017,1653, 475.20 , 33.26 , 508.46 ,31.68, 15.00 , 475.20 , 33.26 , 508.46 ,
1707X03410,05-07-2017,1257," 1,108.80 ", 77.62 ," 1,186.42 ",31.68, 35.00 ," 1,108.80 ", 77.62 ," 1,186.42 ",
1707X03411,05-07-2017,1603," 1,584.00 ", 110.88 ," 1,694.88 ",31.68, 50.00 ," 1,584.00 ", 110.88 ," 1,694.88 ",
1707X03412,05-07-2017,1654, 792.00 , 55.44 , 847.44 ,31.68, 25.00 , 792.00 , 55.44 , 847.44 ,
1707X03413,05-07-2017,1331, 633.60 , 44.35 , 677.95 ,31.68, 20.00 , 633.60 , 44.35 , 677.95 ,
1707X03414,05-07-2017,1511, 633.60 , 44.35 , 677.95 ,31.68, 20.00 , 633.60 , 44.35 , 677.95 ,
1707X03417,05-07-2017,1702, 792.00 , 55.44 , 847.44 ,31.68, 25.00 , 792.00 , 55.44 , 847.44 ,
1707X03434,05-07-2017,1324, 588.00 , 41.16 , 629.16 ,29.4, 20.00 , 588.00 , 41.16 , 629.16 ,
1707X03435,05-07-2017,1561, 588.00 , 41.16 , 629.16 ,29.4, 20.00 , 588.00 , 41.16 , 629.16 ,
1707X03436,05-07-2017,1524, 147.00 , 10.29 , 157.29 ,29.4, 5.00 , 147.00 , 10.29 , 157.29 ,
1707X03442,05-07-2017,1473, 475.20 , 33.26 , 508.46 ,31.68, 15.00 , 475.20 , 33.26 , 508.46 ,
1707X03449,05-07-2017,1493, 475.20 , 33.26 , 508.46 ,31.68, 15.00 , 475.20 , 33.26 , 508.46 ,
1707X03450,05-07-2017,1467, 316.80 , 22.18 , 338.98 ,31.68, 10.00 , 316.80 , 22.18 , 338.98 ,
1707X03451,05-07-2017,1632, 475.20 , 33.26 , 508.46 ,31.68, 15.00 , 475.20 , 33.26 , 508.46 ,
1707X03458,05-07-2017,1346, 811.80 , 56.83 , 868.63 ,27.06, 30.00 , 811.80 , 56.83 , 868.63 ,
1707X03459,05-07-2017,2234, 541.20 , 37.88 , 579.08 ,27.06, 20.00 , 541.20 , 37.88 , 579.08 ,
1707X03480,05-07-2017,1689, 270.60 , 18.94 , 289.54 ,27.06, 10.00 , 270.60 , 18.94 , 289.54 ,
1707X03511,05-07-2017,1423, 405.90 , 28.41 , 434.31 ,27.06, 15.00 , 405.90 , 28.41 , 434.31 ,
1707X03726,05-07-2017,1379, 405.90 , 28.41 , 434.31 ,27.06, 15.00 , 405.90 , 28.41 , 434.31 ,
1707X03756,05-07-2017,1397, 676.50 , 47.36 , 723.86 ,27.06, 25.00 , 676.50 , 47.36 , 723.86 ,
1707X03758,05-07-2017,1439, 270.60 , 18.94 , 289.54 ,27.06, 10.00 , 270.60 , 18.94 , 289.54 ,
1707X03759,05-07-2017,1228, 811.80 , 56.83 , 868.63 ,27.06, 30.00 , 811.80 , 56.83 , 868.63 ,
1707X03760,05-07-2017,1219, 541.20 , 37.88 , 579.08 ,27.06, 20.00 , 541.20 , 37.88 , 579.08 ,
1707X03821,05-07-2017,1377, 676.50 , 47.36 , 723.86 ,27.06, 25.00 , 676.50 , 47.36 , 723.86 ,
1707X03824,05-07-2017,1292, 270.60 , 18.94 , 289.54 ,27.06, 10.00 , 270.60 , 18.94 , 289.54 ,
1707X03825,05-07-2017,1479," 1,082.40 ", 75.77 ," 1,158.17 ",27.06, 40.00 ," 1,082.40 ", 75.77 ," 1,158.17 ",
1707X03854,05-07-2017,1345, 405.90 , 28.41 , 434.31 ,27.06, 15.00 , 405.90 , 28.41 , 434.31 ,
1707X03855,05-07-2017,1247, 405.90 , 28.41 , 434.31 ,27.06, 15.00 , 405.90 , 28.41 , 434.31 ,
1707X03872,05-07-2017,1472, 229.44 , 16.06 , 245.50 ,28.68, 8.00 , 229.44 , 16.06 , 245.50 ,
1707X03893,05-07-2017,1566, 573.60 , 40.15 , 613.75 ,28.68, 20.00 , 573.60 , 40.15 , 613.75 ,
1707X03914,05-07-2017,1560, 874.80 , 61.24 , 936.04 ,29.16, 30.00 , 874.80 , 61.24 , 936.04 ,
1707X03915,05-07-2017,1583, 229.44 , 16.06 , 245.50 ,28.68, 8.00 , 229.44 , 16.06 , 245.50 ,
1707X03916,05-07-2017,1642, 583.20 , 40.82 , 624.02 ,29.16, 20.00 , 583.20 , 40.82 , 624.02 ,
1707X03917,05-07-2017,1498, 729.00 , 51.03 , 780.03 ,29.16, 25.00 , 729.00 , 51.03 , 780.03 ,
1707X03988,05-07-2017,0," 2,630.40 ", 184.13 ," 2,814.53 ",263.04, 10.00 ," 2,630.40 ", 184.13 ," 2,814.53 ",
1707X04067,05-07-2017,2219, 676.50 , 47.36 , 723.86 ,27.06, 25.00 , 676.50 , 47.36 , 723.86 ,
1707X04070,05-07-2017,1264, 811.80 , 56.83 , 868.63 ,27.06, 30.00 , 811.80 , 56.83 , 868.63 ,
1707X04071,05-07-2017,1671," 1,623.60 ", 113.65 ," 1,737.25 ",27.06, 60.00 ," 1,623.60 ", 113.65 ," 1,737.25 ",
1707X04072,05-07-2017,1340, 541.20 , 37.88 , 579.08 ,27.06, 20.00 , 541.20 , 37.88 , 579.08 ,
1707X04105,05-07-2017,1634, 324.72 , 22.73 , 347.45 ,27.06, 12.00 , 324.72 , 22.73 , 347.45 ,
1707X04246,05-07-2017,1665, 811.80 , 56.83 , 868.63 ,27.06, 30.00 , 811.80 , 56.83 , 868.63 ,
1707X04279,05-07-2017,2222, 405.90 , 28.41 , 434.31 ,27.06, 15.00 , 405.90 , 28.41 , 434.31 ,
1707X04284,05-07-2017,1465, 405.90 , 28.41 , 434.31 ,27.06, 15.00 , 405.90 , 28.41 , 434.31 ,
1707X04285,05-07-2017,1581, 541.20 , 37.88 , 579.08 ,27.06, 20.00 , 541.20 , 37.88 , 579.08 ,
1707X04286,05-07-2017,1311, 811.80 , 56.83 , 868.63 ,27.06, 30.00 , 811.80 , 56.83 , 868.63 ,
1707X04287,05-07-2017,1459, 947.10 , 66.30 ," 1,013.40 ",27.06, 35.00 , 947.10 , 66.30 ," 1,013.40 ",
1707X04288,05-07-2017,1419, 405.90 , 28.41 , 434.31 ,27.06, 15.00 , 405.90 , 28.41 , 434.31 ,
1707X04339,06-07-2017,1619," 1,082.40 ", 75.77 ," 1,158.17 ",27.06, 40.00 ," 1,082.40 ", 75.77 ," 1,158.17 ",
1707X04340,06-07-2017,1414," 2,164.80 ", 151.54 ," 2,316.34 ",27.06, 80.00 ," 2,164.80 ", 151.54 ," 2,316.34 ",
1707X04341,06-07-2017,1733, 270.60 , 18.94 , 289.54 ,27.06, 10.00 , 270.60 , 18.94 , 289.54 ,
1707X04342,06-07-2017,1344, 541.20 , 37.88 , 579.08 ,27.06, 20.00 , 541.20 , 37.88 , 579.08 ,
1707X04343,06-07-2017,1373, 811.80 , 56.83 , 868.63 ,27.06, 30.00 , 811.80 , 56.83 , 868.63 ,
1707X04510,06-07-2017,1683," 1,353.00 ", 94.71 ," 1,447.71 ",27.06, 50.00 ," 1,353.00 ", 94.71 ," 1,447.71 ",
1707X04511,06-07-2017,1593, 811.80 , 56.83 , 868.63 ,27.06, 30.00 , 811.80 , 56.83 , 868.63 ,
1707X04515,06-07-2017,2213," 1,353.00 ", 94.71 ," 1,447.71 ",27.06, 50.00 ," 1,353.00 ", 94.71 ," 1,447.71 ",
1707X04516,06-07-2017,1293, 811.80 , 56.83 , 868.63 ,27.06, 30.00 , 811.80 , 56.83 , 868.63 ,
1707X04517,06-07-2017,1562," 1,082.40 ", 75.77 ," 1,158.17 ",27.06, 40.00 ," 1,082.40 ", 75.77 ," 1,158.17 ",
1707X04540,06-07-2017,1453, 676.50 , 47.36 , 723.86 ,27.06, 25.00 , 676.50 , 47.36 , 723.86 ,
1707X04541,06-07-2017,1485, 811.80 , 56.83 , 868.63 ,27.06, 30.00 , 811.80 , 56.83 , 868.63 ,
1707X04560,06-07-2017,1492, 380.16 , 26.61 , 406.77 ,31.68, 12.00 , 380.16 , 26.61 , 406.77 ,
1707X04562,06-07-2017,1322, 792.00 , 55.44 , 847.44 ,31.68, 25.00 , 792.00 , 55.44 , 847.44 ,
1707X04563,06-07-2017,1657, 633.60 , 44.35 , 677.95 ,31.68, 20.00 , 633.60 , 44.35 , 677.95 ,
1707X04567,06-07-2017,1674, 158.40 , 11.09 , 169.49 ,31.68, 5.00 , 158.40 , 11.09 , 169.49 ,
1707X04568,06-07-2017,1491, 475.20 , 33.26 , 508.46 ,31.68, 15.00 , 475.20 , 33.26 , 508.46 ,
1707X04575,06-07-2017,1380, 633.60 , 44.35 , 677.95 ,31.68, 20.00 , 633.60 , 44.35 , 677.95 ,
1707X04576,06-07-2017,1613, 316.80 , 22.18 , 338.98 ,31.68, 10.00 , 316.80 , 22.18 , 338.98 ,
1707X04577,06-07-2017,1647, 253.44 , 17.74 , 271.18 ,31.68, 8.00 , 253.44 , 17.74 , 271.18 ,
1707X04583,06-07-2017,1678, 316.80 , 22.18 , 338.98 ,31.68, 10.00 , 316.80 , 22.18 , 338.98 ,
1707X04584,06-07-2017,1716, 316.80 , 22.18 , 338.98 ,31.68, 10.00 , 316.80 , 22.18 , 338.98 ,
1707X04592,06-07-2017,1563, 950.40 , 66.53 ," 1,016.93 ",31.68, 30.00 , 950.40 , 66.53 ," 1,016.93 ",
1707X04595,06-07-2017,1713, 950.40 , 66.53 ," 1,016.93 ",31.68, 30.00 , 950.40 , 66.53 ," 1,016.93 ",
1707X04617,06-07-2017,1587, 441.00 , 30.87 , 471.87 ,29.4, 15.00 , 441.00 , 30.87 , 471.87 ,
1707X04619,06-07-2017,1393, 792.00 , 55.44 , 847.44 ,31.68, 25.00 , 792.00 , 55.44 , 847.44 ,
1707X04620,06-07-2017,1650, 380.16 , 26.61 , 406.77 ,31.68, 12.00 , 380.16 , 26.61 , 406.77 ,
1707X04621,06-07-2017,1396, 475.20 , 33.26 , 508.46 ,31.68, 15.00 , 475.20 , 33.26 , 508.46 ,
1707X04623,06-07-2017,1239, 792.00 , 55.44 , 847.44 ,31.68, 25.00 , 792.00 , 55.44 , 847.44 ,
1707X04628,06-07-2017,1698, 253.44 , 17.74 , 271.18 ,31.68, 8.00 , 253.44 , 17.74 , 271.18 ,
1707X04629,06-07-2017,1694, 158.40 , 11.09 , 169.49 ,31.68, 5.00 , 158.40 , 11.09 , 169.49 ,
1707X04896,06-07-2017,1490, 324.72 , 22.73 , 347.45 ,27.06, 12.00 , 324.72 , 22.73 , 347.45 ,
1707X04897,06-07-2017,1721," 1,353.00 ", 94.71 ," 1,447.71 ",27.06, 50.00 ," 1,353.00 ", 94.71 ," 1,447.71 ",
1707X04899,06-07-2017,1433, 947.10 , 66.30 ," 1,013.40 ",27.06, 35.00 , 947.10 , 66.30 ," 1,013.40 ",
1707X04900,06-07-2017,2235, 541.20 , 37.88 , 579.08 ,27.06, 20.00 , 541.20 , 37.88 , 579.08 ,
1707X04938,06-07-2017,1556, 324.72 , 22.73 , 347.45 ,27.06, 12.00 , 324.72 , 22.73 , 347.45 ,
1707X04942,06-07-2017,1369, 541.20 , 37.88 , 579.08 ,27.06, 20.00 , 541.20 , 37.88 , 579.08 ,
1707X04943,06-07-2017,1202, 811.80 , 56.83 , 868.63 ,27.06, 30.00 , 811.80 , 56.83 , 868.63 ,
1707X04944,06-07-2017,1443, 541.20 , 37.88 , 579.08 ,27.06, 20.00 , 541.20 , 37.88 , 579.08 ,
1707X04990,06-07-2017,1558, 286.80 , 20.08 , 306.88 ,28.68, 10.00 , 286.80 , 20.08 , 306.88 ,
1707X04991,06-07-2017,1638, 573.60 , 40.15 , 613.75 ,28.68, 20.00 , 573.60 , 40.15 , 613.75 ,
1707X04992,06-07-2017,1643, 430.20 , 30.11 , 460.31 ,28.68, 15.00 , 430.20 , 30.11 , 460.31 ,
1707X05041,06-07-2017,1452, 874.80 , 61.24 , 936.04 ,29.16, 30.00 , 874.80 , 61.24 , 936.04 ,
1707X05208,06-07-2017,1595, 405.90 , 28.41 , 434.31 ,27.06, 15.00 , 405.90 , 28.41 , 434.31 ,
1707X05283,06-07-2017,1437," 1,082.40 ", 75.77 ," 1,158.17 ",27.06, 40.00 ," 1,082.40 ", 75.77 ," 1,158.17 ",
1707X05284,06-07-2017,1545, 270.60 , 18.94 , 289.54 ,27.06, 10.00 , 270.60 , 18.94 , 289.54 ,
1707X05285,06-07-2017,1555, 405.90 , 28.41 , 434.31 ,27.06, 15.00 , 405.90 , 28.41 , 434.31 ,
1707X05286,06-07-2017,1727," 2,164.80 ", 151.54 ," 2,316.34 ",27.06, 80.00 ," 2,164.80 ", 151.54 ," 2,316.34 ",
1707X05359,06-07-2017,1616, 541.20 , 37.88 , 579.08 ,27.06, 20.00 , 541.20 , 37.88 , 579.08 ,
1707X05360,06-07-2017,1312, 811.80 , 56.83 , 868.63 ,27.06, 30.00 , 811.80 , 56.83 , 868.63 ,
1707X05364,06-07-2017,1402, 541.20 , 37.88 , 579.08 ,27.06, 20.00 , 541.20 , 37.88 , 579.08 ,
1707X05365,06-07-2017,1445, 270.60 , 18.94 , 289.54 ,27.06, 10.00 , 270.60 , 18.94 , 289.54 ,
1707X05366,06-07-2017,1668, 405.90 , 28.41 , 434.31 ,27.06, 15.00 , 405.90 , 28.41 , 434.31 ,
1707X05367,06-07-2017,1609, 541.20 , 37.88 , 579.08 ,27.06, 20.00 , 541.20 , 37.88 , 579.08 ,
1707X05406,06-07-2017,1686, 270.60 , 18.94 , 289.54 ,27.06, 10.00 , 270.60 , 18.94 , 289.54 ,
1707X05416,06-07-2017,1652, 811.80 , 56.83 , 868.63 ,27.06, 30.00 , 811.80 , 56.83 , 868.63 ,
1707X05417,06-07-2017,1512, 541.20 , 37.88 , 579.08 ,27.06, 20.00 , 541.20 , 37.88 , 579.08 ,
1707X05470,07-07-2017,1570, 811.80 , 56.83 , 868.63 ,27.06, 30.00 , 811.80 , 56.83 , 868.63 ,
1707X05484,07-07-2017,1551, 697.20 , 48.80 , 746.00 ,34.86, 20.00 , 697.20 , 48.80 , 746.00 ,
1707X05629,07-07-2017,1689, 405.90 , 28.41 , 434.31 ,27.06, 15.00 , 405.90 , 28.41 , 434.31 ,
1707X05633,07-07-2017,1346," 1,082.40 ", 75.77 ," 1,158.17 ",27.06, 40.00 ," 1,082.40 ", 75.77 ," 1,158.17 ",
1707X05634,07-07-2017,2234, 541.20 , 37.88 , 579.08 ,27.06, 20.00 , 541.20 , 37.88 , 579.08 ,
1707X05665,07-07-2017,1423, 405.90 , 28.41 , 434.31 ,27.06, 15.00 , 405.90 , 28.41 , 434.31 ,
1707X05675,07-07-2017,1640, 950.40 , 66.53 ," 1,016.93 ",31.68, 30.00 , 950.40 , 66.53 ," 1,016.93 ",
1707X05676,07-07-2017,1670, 792.00 , 55.44 , 847.44 ,31.68, 25.00 , 792.00 , 55.44 , 847.44 ,
1707X05680,07-07-2017,1664, 253.44 , 17.74 , 271.18 ,31.68, 8.00 , 253.44 , 17.74 , 271.18 ,
1707X05681,07-07-2017,1606, 380.16 , 26.61 , 406.77 ,31.68, 12.00 , 380.16 , 26.61 , 406.77 ,
1707X05682,07-07-2017,1534, 158.40 , 11.09 , 169.49 ,31.68, 5.00 , 158.40 , 11.09 , 169.49 ,
1707X05683,07-07-2017,1741, 253.44 , 17.74 , 271.18 ,31.68, 8.00 , 253.44 , 17.74 , 271.18 ,
1707X05690,07-07-2017,1653, 475.20 , 33.26 , 508.46 ,31.68, 15.00 , 475.20 , 33.26 , 508.46 ,
1707X05693,07-07-2017,1569, 696.96 , 48.79 , 745.75 ,31.68, 22.00 , 696.96 , 48.79 , 745.75 ,
1707X05723,07-07-2017,1257," 1,108.80 ", 77.62 ," 1,186.42 ",31.68, 35.00 ," 1,108.80 ", 77.62 ," 1,186.42 ",
1707X05724,07-07-2017,1603," 1,584.00 ", 110.88 ," 1,694.88 ",31.68, 50.00 ," 1,584.00 ", 110.88 ," 1,694.88 ",
1707X05725,07-07-2017,1331," 1,267.20 ", 88.70 ," 1,355.90 ",31.68, 40.00 ," 1,267.20 ", 88.70 ," 1,355.90 ",
1707X05726,07-07-2017,1511, 950.40 , 66.53 ," 1,016.93 ",31.68, 30.00 , 950.40 , 66.53 ," 1,016.93 ",
1707X05727,07-07-2017,1702," 1,077.12 ", 75.40 ," 1,152.52 ",31.68, 34.00 ," 1,077.12 ", 75.40 ," 1,152.52 ",
1707X05729,07-07-2017,1654, 792.00 , 55.44 , 847.44 ,31.68, 25.00 , 792.00 , 55.44 , 847.44 ,
1707X05739,07-07-2017,1324, 588.00 , 41.16 , 629.16 ,29.4, 20.00 , 588.00 , 41.16 , 629.16 ,
1707X05740,07-07-2017,1524, 235.20 , 16.46 , 251.66 ,29.4, 8.00 , 235.20 , 16.46 , 251.66 ,
1707X05741,07-07-2017,1561, 735.00 , 51.45 , 786.45 ,29.4, 25.00 , 735.00 , 51.45 , 786.45 ,
1707X05748,07-07-2017,1473, 475.20 , 33.26 , 508.46 ,31.68, 15.00 , 475.20 , 33.26 , 508.46 ,
1707X05751,07-07-2017,1632, 475.20 , 33.26 , 508.46 ,31.68, 15.00 , 475.20 , 33.26 , 508.46 ,
1707X05752,07-07-2017,1467, 380.16 , 26.61 , 406.77 ,31.68, 12.00 , 380.16 , 26.61 , 406.77 ,
1707X05753,07-07-2017,1493, 380.16 , 26.61 , 406.77 ,31.68, 12.00 , 380.16 , 26.61 , 406.77 ,
1707X05987,07-07-2017,1584, 811.80 , 56.83 , 868.63 ,27.06, 30.00 , 811.80 , 56.83 , 868.63 ,
1707X05992,07-07-2017,1379, 541.20 , 37.88 , 579.08 ,27.06, 20.00 , 541.20 , 37.88 , 579.08 ,
1707X06027,07-07-2017,1219, 811.80 , 56.83 , 868.63 ,27.06, 30.00 , 811.80 , 56.83 , 868.63 ,
1707X06028,07-07-2017,1439, 270.60 , 18.94 , 289.54 ,27.06, 10.00 , 270.60 , 18.94 , 289.54 ,
1707X06029,07-07-2017,1228," 1,082.40 ", 75.77 ," 1,158.17 ",27.06, 40.00 ," 1,082.40 ", 75.77 ," 1,158.17 ",
1707X06031,07-07-2017,1397, 405.90 , 28.41 , 434.31 ,27.06, 15.00 , 405.90 , 28.41 , 434.31 ,
1707X06058,07-07-2017,1607," 1,082.40 ", 75.77 ," 1,158.17 ",27.06, 40.00 ," 1,082.40 ", 75.77 ," 1,158.17 ",
1707X06094,07-07-2017,1247, 270.60 , 18.94 , 289.54 ,27.06, 10.00 , 270.60 , 18.94 , 289.54 ,
1707X06097,07-07-2017,1345, 541.20 , 37.88 , 579.08 ,27.06, 20.00 , 541.20 , 37.88 , 579.08 ,
1707X06098,07-07-2017,1292, 405.90 , 28.41 , 434.31 ,27.06, 15.00 , 405.90 , 28.41 , 434.31 ,
1707X06099,07-07-2017,1479, 811.80 , 56.83 , 868.63 ,27.06, 30.00 , 811.80 , 56.83 , 868.63 ,
1707X06100,07-07-2017,1377, 541.20 , 37.88 , 579.08 ,27.06, 20.00 , 541.20 , 37.88 , 579.08 ,
1707X06128,07-07-2017,1472, 229.44 , 16.06 , 245.50 ,28.68, 8.00 , 229.44 , 16.06 , 245.50 ,
1707X06131,07-07-2017,1566, 860.40 , 60.23 , 920.63 ,28.68, 30.00 , 860.40 , 60.23 , 920.63 ,
1707X06178,07-07-2017,1498," 1,020.60 ", 71.44 ," 1,092.04 ",29.16, 35.00 ," 1,020.60 ", 71.44 ," 1,092.04 ",
1707X06179,07-07-2017,1642, 437.40 , 30.62 , 468.02 ,29.16, 15.00 , 437.40 , 30.62 , 468.02 ,
1707X06180,07-07-2017,1560, 874.80 , 61.24 , 936.04 ,29.16, 30.00 , 874.80 , 61.24 , 936.04 ,
1707X06181,07-07-2017,1583, 229.44 , 16.06 , 245.50 ,28.68, 8.00 , 229.44 , 16.06 , 245.50 ,
1707X06343,07-07-2017,1347, 541.20 , 37.88 , 579.08 ,27.06, 20.00 , 541.20 , 37.88 , 579.08 ,
1707X06348,07-07-2017,1634, 405.90 , 28.41 , 434.31 ,27.06, 15.00 , 405.90 , 28.41 , 434.31 ,
1707X06377,07-07-2017,1671," 1,082.40 ", 75.77 ," 1,158.17 ",27.06, 40.00 ," 1,082.40 ", 75.77 ," 1,158.17 ",
1707X06378,07-07-2017,2219, 676.50 , 47.36 , 723.86 ,27.06, 25.00 , 676.50 , 47.36 , 723.86 ,
1707X06379,07-07-2017,1264, 811.80 , 56.83 , 868.63 ,27.06, 30.00 , 811.80 , 56.83 , 868.63 ,
1707X06540,07-07-2017,1419, 405.90 , 28.41 , 434.31 ,27.06, 15.00 , 405.90 , 28.41 , 434.31 ,
1707X06541,07-07-2017,1465, 270.60 , 18.94 , 289.54 ,27.06, 10.00 , 270.60 , 18.94 , 289.54 ,
1707X06542,07-07-2017,1459," 1,082.40 ", 75.77 ," 1,158.17 ",27.06, 40.00 ," 1,082.40 ", 75.77 ," 1,158.17 ",
1707X06543,07-07-2017,1581, 541.20 , 37.88 , 579.08 ,27.06, 20.00 , 541.20 , 37.88 , 579.08 ,
1707X06548,07-07-2017,2222, 541.20 , 37.88 , 579.08 ,27.06, 20.00 , 541.20 , 37.88 , 579.08 ,
1707X06582,07-07-2017,1665," 1,082.40 ", 75.77 ," 1,158.17 ",27.06, 40.00 ," 1,082.40 ", 75.77 ," 1,158.17 ",
1707X06635,08-07-2017,1373, 811.80 , 56.83 , 868.63 ,27.06, 30.00 , 811.80 , 56.83 , 868.63 ,
1707X06636,08-07-2017,1344, 811.80 , 56.83 , 868.63 ,27.06, 30.00 , 811.80 , 56.83 , 868.63 ,
1707X06637,08-07-2017,1619," 1,082.40 ", 75.77 ," 1,158.17 ",27.06, 40.00 ," 1,082.40 ", 75.77 ," 1,158.17 ",
1707X06638,08-07-2017,1414," 1,623.60 ", 113.65 ," 1,737.25 ",27.06, 60.00 ," 1,623.60 ", 113.65 ," 1,737.25 ",
1707X06639,08-07-2017,1733, 270.60 , 18.94 , 289.54 ,27.06, 10.00 , 270.60 , 18.94 , 289.54 ,
1707X06655,08-07-2017,1468, 871.50 , 61.01 , 932.51 ,34.86, 25.00 , 871.50 , 61.01 , 932.51 ,
1707X06800,08-07-2017,1657, 633.60 , 44.35 , 677.95 ,31.68, 20.00 , 633.60 , 44.35 , 677.95 ,
1707X06801,08-07-2017,1322, 633.60 , 44.35 , 677.95 ,31.68, 20.00 , 633.60 , 44.35 , 677.95 ,
1707X06803,08-07-2017,1484, 475.20 , 33.26 , 508.46 ,31.68, 15.00 , 475.20 , 33.26 , 508.46 ,
1707X06804,08-07-2017,1674, 316.80 , 22.18 , 338.98 ,31.68, 10.00 , 316.80 , 22.18 , 338.98 ,
1707X06805,08-07-2017,1491, 633.60 , 44.35 , 677.95 ,31.68, 20.00 , 633.60 , 44.35 , 677.95 ,
1707X06810,08-07-2017,1613, 380.16 , 26.61 , 406.77 ,31.68, 12.00 , 380.16 , 26.61 , 406.77 ,
1707X06813,08-07-2017,1647, 475.20 , 33.26 , 508.46 ,31.68, 15.00 , 475.20 , 33.26 , 508.46 ,
1707X06814,08-07-2017,1380," 1,108.80 ", 77.62 ," 1,186.42 ",31.68, 35.00 ," 1,108.80 ", 77.62 ," 1,186.42 ",
1707X06815,08-07-2017,1208, 633.60 , 44.35 , 677.95 ,31.68, 20.00 , 633.60 , 44.35 , 677.95 ,
1707X06817,08-07-2017,1678, 316.80 , 22.18 , 338.98 ,31.68, 10.00 , 316.80 , 22.18 , 338.98 ,
1707X06833,08-07-2017,1563, 950.40 , 66.53 ," 1,016.93 ",31.68, 30.00 , 950.40 , 66.53 ," 1,016.93 ",
1707X06834,08-07-2017,1713, 950.40 , 66.53 ," 1,016.93 ",31.68, 30.00 , 950.40 , 66.53 ," 1,016.93 ",
1707X06840,08-07-2017,1587, 441.00 , 30.87 , 471.87 ,29.4, 15.00 , 441.00 , 30.87 , 471.87 ,
1707X06842,08-07-2017,1650, 316.80 , 22.18 , 338.98 ,31.68, 10.00 , 316.80 , 22.18 , 338.98 ,
1707X06843,08-07-2017,1396, 475.20 , 33.26 , 508.46 ,31.68, 15.00 , 475.20 , 33.26 , 508.46 ,
1707X06844,08-07-2017,1393, 950.40 , 66.53 ," 1,016.93 ",31.68, 30.00 , 950.40 , 66.53 ," 1,016.93 ",
1707X06846,08-07-2017,1458," 1,267.20 ", 88.70 ," 1,355.90 ",31.68, 40.00 ," 1,267.20 ", 88.70 ," 1,355.90 ",
1707X06847,08-07-2017,1694, 475.20 , 33.26 , 508.46 ,31.68, 15.00 , 475.20 , 33.26 , 508.46 ,
1707X06849,08-07-2017,1698, 316.80 , 22.18 , 338.98 ,31.68, 10.00 , 316.80 , 22.18 , 338.98 ,
1707X06850,08-07-2017,1239, 792.00 , 55.44 , 847.44 ,31.68, 25.00 , 792.00 , 55.44 , 847.44 ,
1707X06874,08-07-2017,2213," 1,353.00 ", 94.71 ," 1,447.71 ",27.06, 50.00 ," 1,353.00 ", 94.71 ," 1,447.71 ",
1707X06875,08-07-2017,1562," 1,353.00 ", 94.71 ," 1,447.71 ",27.06, 50.00 ," 1,353.00 ", 94.71 ," 1,447.71 ",
1707X06876,08-07-2017,1683," 1,353.00 ", 94.71 ," 1,447.71 ",27.06, 50.00 ," 1,353.00 ", 94.71 ," 1,447.71 ",
1707X06877,08-07-2017,1593, 811.80 , 56.83 , 868.63 ,27.06, 30.00 , 811.80 , 56.83 , 868.63 ,
1707X06878,08-07-2017,1293, 811.80 , 56.83 , 868.63 ,27.06, 30.00 , 811.80 , 56.83 , 868.63 ,
1707X06898,08-07-2017,1453," 1,353.00 ", 94.71 ," 1,447.71 ",27.06, 50.00 ," 1,353.00 ", 94.71 ," 1,447.71 ",
1707X06900,08-07-2017,1485, 811.80 , 56.83 , 868.63 ,27.06, 30.00 , 811.80 , 56.83 , 868.63 ,
1707X07163,08-07-2017,1490, 405.90 , 28.41 , 434.31 ,27.06, 15.00 , 405.90 , 28.41 , 434.31 ,
1707X07164,08-07-2017,2235, 541.20 , 37.88 , 579.08 ,27.06, 20.00 , 541.20 , 37.88 , 579.08 ,
1707X07165,08-07-2017,1407, 541.20 , 37.88 , 579.08 ,27.06, 20.00 , 541.20 , 37.88 , 579.08 ,
1707X07166,08-07-2017,1721," 1,353.00 ", 94.71 ," 1,447.71 ",27.06, 50.00 ," 1,353.00 ", 94.71 ," 1,447.71 ",
1707X07201,08-07-2017,1369, 541.20 , 37.88 , 579.08 ,27.06, 20.00 , 541.20 , 37.88 , 579.08 ,
1707X07202,08-07-2017,1443, 541.20 , 37.88 , 579.08 ,27.06, 20.00 , 541.20 , 37.88 , 579.08 ,
1707X07203,08-07-2017,1556, 324.72 , 22.73 , 347.45 ,27.06, 12.00 , 324.72 , 22.73 , 347.45 ,
1707X07205,08-07-2017,1202," 1,353.00 ", 94.71 ," 1,447.71 ",27.06, 50.00 ," 1,353.00 ", 94.71 ," 1,447.71 ",
1707X07298,08-07-2017,1558, 573.60 , 40.15 , 613.75 ,28.68, 20.00 , 573.60 , 40.15 , 613.75 ,
1707X07299,08-07-2017,1638, 430.20 , 30.11 , 460.31 ,28.68, 15.00 , 430.20 , 30.11 , 460.31 ,
1707X07307,08-07-2017,1643, 430.20 , 30.11 , 460.31 ,28.68, 15.00 , 430.20 , 30.11 , 460.31 ,
1707X07348,08-07-2017,1452, 729.00 , 51.03 , 780.03 ,29.16, 25.00 , 729.00 , 51.03 , 780.03 ,
1707X07349,08-07-2017,1707, 430.20 , 30.11 , 460.31 ,28.68, 15.00 , 430.20 , 30.11 , 460.31 ,
1707X07459,08-07-2017,1595, 541.20 , 37.88 , 579.08 ,27.06, 20.00 , 541.20 , 37.88 , 579.08 ,
1707X07518,08-07-2017,1545, 541.20 , 37.88 , 579.08 ,27.06, 20.00 , 541.20 , 37.88 , 579.08 ,
1707X07521,08-07-2017,1555, 541.20 , 37.88 , 579.08 ,27.06, 20.00 , 541.20 , 37.88 , 579.08 ,
1707X07523,08-07-2017,1727," 1,623.60 ", 113.65 ," 1,737.25 ",27.06, 60.00 ," 1,623.60 ", 113.65 ," 1,737.25 ",
1707X07687,08-07-2017,1652, 811.80 , 56.83 , 868.63 ,27.06, 30.00 , 811.80 , 56.83 , 868.63 ,
1707X07689,08-07-2017,1512, 541.20 , 37.88 , 579.08 ,27.06, 20.00 , 541.20 , 37.88 , 579.08 ,
1707X07692,08-07-2017,1686, 324.72 , 22.73 , 347.45 ,27.06, 12.00 , 324.72 , 22.73 , 347.45 ,
1707X07728,08-07-2017,1668, 270.60 , 18.94 , 289.54 ,27.06, 10.00 , 270.60 , 18.94 , 289.54 ,
1707X07730,08-07-2017,1445, 405.90 , 28.41 , 434.31 ,27.06, 15.00 , 405.90 , 28.41 , 434.31 ,
1707X07731,08-07-2017,1402, 811.80 , 56.83 , 868.63 ,27.06, 30.00 , 811.80 , 56.83 , 868.63 ,
1707X07733,08-07-2017,1609, 811.80 , 56.83 , 868.63 ,27.06, 30.00 , 811.80 , 56.83 , 868.63 ,
1707X07761,09-07-2017,1570," 1,082.40 ", 75.77 ," 1,158.17 ",27.06, 40.00 ," 1,082.40 ", 75.77 ," 1,158.17 ",
1707X07784,09-07-2017,1551, 348.60 , 24.40 , 373.00 ,34.86, 10.00 , 348.60 , 24.40 , 373.00 ,
1707X07920,09-07-2017,1346, 811.80 , 56.83 , 868.63 ,27.06, 30.00 , 811.80 , 56.83 , 868.63 ,
1707X07946,09-07-2017,1689, 405.90 , 28.41 , 434.31 ,27.06, 15.00 , 405.90 , 28.41 , 434.31 ,
1707X07947,09-07-2017,2234, 811.80 , 56.83 , 868.63 ,27.06, 30.00 , 811.80 , 56.83 , 868.63 ,
1707X07950,09-07-2017,1423, 405.90 , 28.41 , 434.31 ,27.06, 15.00 , 405.90 , 28.41 , 434.31 ,
1707X07973,09-07-2017,1640, 633.60 , 44.35 , 677.95 ,31.68, 20.00 , 633.60 , 44.35 , 677.95 ,
1707X07978,09-07-2017,1664, 253.44 , 17.74 , 271.18 ,31.68, 8.00 , 253.44 , 17.74 , 271.18 ,
1707X07979,09-07-2017,1741, 475.20 , 33.26 , 508.46 ,31.68, 15.00 , 475.20 , 33.26 , 508.46 ,
1707X07980,09-07-2017,1557, 316.80 , 22.18 , 338.98 ,31.68, 10.00 , 316.80 , 22.18 , 338.98 ,
1707X07981,09-07-2017,1534, 158.40 , 11.09 , 169.49 ,31.68, 5.00 , 158.40 , 11.09 , 169.49 ,
1707X07982,09-07-2017,1606, 253.44 , 17.74 , 271.18 ,31.68, 8.00 , 253.44 , 17.74 , 271.18 ,
1707X08001,09-07-2017,1559, 633.60 , 44.35 , 677.95 ,31.68, 20.00 , 633.60 , 44.35 , 677.95 ,
1707X08002,09-07-2017,1653, 475.20 , 33.26 , 508.46 ,31.68, 15.00 , 475.20 , 33.26 , 508.46 ,
1707X08003,09-07-2017,1569, 380.16 , 26.61 , 406.77 ,31.68, 12.00 , 380.16 , 26.61 , 406.77 ,
1707X08026,09-07-2017,1511, 792.00 , 55.44 , 847.44 ,31.68, 25.00 , 792.00 , 55.44 , 847.44 ,
1707X08027,09-07-2017,1603," 1,584.00 ", 110.88 ," 1,694.88 ",31.68, 50.00 ," 1,584.00 ", 110.88 ," 1,694.88 ",
1707X08028,09-07-2017,1331," 1,267.20 ", 88.70 ," 1,355.90 ",31.68, 40.00 ," 1,267.20 ", 88.70 ," 1,355.90 ",
1707X08029,09-07-2017,1654, 633.60 , 44.35 , 677.95 ,31.68, 20.00 , 633.60 , 44.35 , 677.95 ,
1707X08030,09-07-2017,1702, 316.80 , 22.18 , 338.98 ,31.68, 10.00 , 316.80 , 22.18 , 338.98 ,
1707X08035,09-07-2017,1524, 147.00 , 10.29 , 157.29 ,29.4, 5.00 , 147.00 , 10.29 , 157.29 ,
1707X08036,09-07-2017,1561, 441.00 , 30.87 , 471.87 ,29.4, 15.00 , 441.00 , 30.87 , 471.87 ,
1707X08037,09-07-2017,1324, 588.00 , 41.16 , 629.16 ,29.4, 20.00 , 588.00 , 41.16 , 629.16 ,
1707X08042,09-07-2017,1473, 633.60 , 44.35 , 677.95 ,31.68, 20.00 , 633.60 , 44.35 , 677.95 ,
1707X08047,09-07-2017,1493, 475.20 , 33.26 , 508.46 ,31.68, 15.00 , 475.20 , 33.26 , 508.46 ,
1707X08051,09-07-2017,1632, 633.60 , 44.35 , 677.95 ,31.68, 20.00 , 633.60 , 44.35 , 677.95 ,
1707X08266,09-07-2017,1379, 811.80 , 56.83 , 868.63 ,27.06, 30.00 , 811.80 , 56.83 , 868.63 ,
1707X08296,09-07-2017,1584, 811.80 , 56.83 , 868.63 ,27.06, 30.00 , 811.80 , 56.83 , 868.63 ,
1707X08300,09-07-2017,1228," 1,082.40 ", 75.77 ," 1,158.17 ",27.06, 40.00 ," 1,082.40 ", 75.77 ," 1,158.17 ",
1707X08327,09-07-2017,1397, 270.60 , 18.94 , 289.54 ,27.06, 10.00 , 270.60 , 18.94 , 289.54 ,
1707X08328,09-07-2017,1439, 405.90 , 28.41 , 434.31 ,27.06, 15.00 , 405.90 , 28.41 , 434.31 ,
1707X08329,09-07-2017,1219, 270.60 , 18.94 , 289.54 ,27.06, 10.00 , 270.60 , 18.94 , 289.54 ,
1707X08364,09-07-2017,1377, 541.20 , 37.88 , 579.08 ,27.06, 20.00 , 541.20 , 37.88 , 579.08 ,
1707X08404,09-07-2017,1247, 270.60 , 18.94 , 289.54 ,27.06, 10.00 , 270.60 , 18.94 , 289.54 ,
1707X08405,09-07-2017,1292, 405.90 , 28.41 , 434.31 ,27.06, 15.00 , 405.90 , 28.41 , 434.31 ,
1707X08406,09-07-2017,1345, 405.90 , 28.41 , 434.31 ,27.06, 15.00 , 405.90 , 28.41 , 434.31 ,
1707X08415,09-07-2017,1472, 200.76 , 14.05 , 214.81 ,28.68, 7.00 , 200.76 , 14.05 , 214.81 ,
1707X08431,09-07-2017,1566, 573.60 , 40.15 , 613.75 ,28.68, 20.00 , 573.60 , 40.15 , 613.75 ,
1707X08453,09-07-2017,1642, 437.40 , 30.62 , 468.02 ,29.16, 15.00 , 437.40 , 30.62 , 468.02 ,
1707X08454,09-07-2017,1583, 172.08 , 12.05 , 184.13 ,28.68, 6.00 , 172.08 , 12.05 , 184.13 ,
1707X08455,09-07-2017,1560, 874.80 , 61.24 , 936.04 ,29.16, 30.00 , 874.80 , 61.24 , 936.04 ,
1707X08456,09-07-2017,1498," 1,166.40 ", 81.65 ," 1,248.05 ",29.16, 40.00 ," 1,166.40 ", 81.65 ," 1,248.05 ",
1707X08608,09-07-2017,1634, 324.72 , 22.73 , 347.45 ,27.06, 12.00 , 324.72 , 22.73 , 347.45 ,
1707X08640,09-07-2017,1347, 405.90 , 28.41 , 434.31 ,27.06, 15.00 , 405.90 , 28.41 , 434.31 ,
1707X08656,09-07-2017,2219, 676.50 , 47.36 , 723.86 ,27.06, 25.00 , 676.50 , 47.36 , 723.86 ,
1707X08675,09-07-2017,1264, 811.80 , 56.83 , 868.63 ,27.06, 30.00 , 811.80 , 56.83 , 868.63 ,
1707X08676,09-07-2017,1340, 541.20 , 37.88 , 579.08 ,27.06, 20.00 , 541.20 , 37.88 , 579.08 ,
1707X08677,09-07-2017,1671," 1,353.00 ", 94.71 ," 1,447.71 ",27.06, 50.00 ," 1,353.00 ", 94.71 ," 1,447.71 ",
1707X08688,09-07-2017,1311, 811.80 , 56.83 , 868.63 ,27.06, 30.00 , 811.80 , 56.83 , 868.63 ,
1707X08728,09-07-2017,1419, 405.90 , 28.41 , 434.31 ,27.06, 15.00 , 405.90 , 28.41 , 434.31 ,
1707X08729,09-07-2017,1465, 270.60 , 18.94 , 289.54 ,27.06, 10.00 , 270.60 , 18.94 , 289.54 ,
1707X08730,09-07-2017,1459," 1,082.40 ", 75.77 ," 1,158.17 ",27.06, 40.00 ," 1,082.40 ", 75.77 ," 1,158.17 ",
1707X08731,09-07-2017,1581, 270.60 , 18.94 , 289.54 ,27.06, 10.00 , 270.60 , 18.94 , 289.54 ,
1707X08732,09-07-2017,2222, 270.60 , 18.94 , 289.54 ,27.06, 10.00 , 270.60 , 18.94 , 289.54 ,
1707X08735,09-07-2017,1665, 811.80 , 56.83 , 868.63 ,27.06, 30.00 , 811.80 , 56.83 , 868.63 ,
1707X08898,10-07-2017,1468," 1,045.80 ", 73.21 ," 1,119.01 ",34.86, 30.00 ," 1,045.80 ", 73.21 ," 1,119.01 ",
1707X08930,10-07-2017,1733, 270.60 , 18.94 , 289.54 ,27.06, 10.00 , 270.60 , 18.94 , 289.54 ,
1707X08931,10-07-2017,1373, 811.80 , 56.83 , 868.63 ,27.06, 30.00 , 811.80 , 56.83 , 868.63 ,
1707X08932,10-07-2017,1414," 1,894.20 ", 132.59 ," 2,026.79 ",27.06, 70.00 ," 1,894.20 ", 132.59 ," 2,026.79 ",
1707X08933,10-07-2017,1619," 1,353.00 ", 94.71 ," 1,447.71 ",27.06, 50.00 ," 1,353.00 ", 94.71 ," 1,447.71 ",
1707X08934,10-07-2017,1344," 1,082.40 ", 75.77 ," 1,158.17 ",27.06, 40.00 ," 1,082.40 ", 75.77 ," 1,158.17 ",
1707X09076,10-07-2017,1492, 380.16 , 26.61 , 406.77 ,31.68, 12.00 , 380.16 , 26.61 , 406.77 ,
1707X09077,10-07-2017,1322, 792.00 , 55.44 , 847.44 ,31.68, 25.00 , 792.00 , 55.44 , 847.44 ,
1707X09082,10-07-2017,1674, 190.08 , 13.31 , 203.39 ,31.68, 6.00 , 190.08 , 13.31 , 203.39 ,
1707X09083,10-07-2017,1484, 633.60 , 44.35 , 677.95 ,31.68, 20.00 , 633.60 , 44.35 , 677.95 ,
1707X09093,10-07-2017,1208, 380.16 , 26.61 , 406.77 ,31.68, 12.00 , 380.16 , 26.61 , 406.77 ,
1707X09094,10-07-2017,1380, 475.20 , 33.26 , 508.46 ,31.68, 15.00 , 475.20 , 33.26 , 508.46 ,
1707X09095,10-07-2017,1647, 253.44 , 17.74 , 271.18 ,31.68, 8.00 , 253.44 , 17.74 , 271.18 ,
1707X09096,10-07-2017,1613, 316.80 , 22.18 , 338.98 ,31.68, 10.00 , 316.80 , 22.18 , 338.98 ,
1707X09098,10-07-2017,1716, 475.20 , 33.26 , 508.46 ,31.68, 15.00 , 475.20 , 33.26 , 508.46 ,
1707X09099,10-07-2017,1678, 316.80 , 22.18 , 338.98 ,31.68, 10.00 , 316.80 , 22.18 , 338.98 ,
1707X09120,10-07-2017,1713, 950.40 , 66.53 ," 1,016.93 ",31.68, 30.00 , 950.40 , 66.53 ," 1,016.93 ",
1707X09121,10-07-2017,1563, 316.80 , 22.18 , 338.98 ,31.68, 10.00 , 316.80 , 22.18 , 338.98 ,
1707X09132,10-07-2017,1587, 294.00 , 20.58 , 314.58 ,29.4, 10.00 , 294.00 , 20.58 , 314.58 ,
1707X09133,10-07-2017,1650, 253.44 , 17.74 , 271.18 ,31.68, 8.00 , 253.44 , 17.74 , 271.18 ,
1707X09136,10-07-2017,1266, 633.60 , 44.35 , 677.95 ,31.68, 20.00 , 633.60 , 44.35 , 677.95 ,
1707X09137,10-07-2017,1396, 475.20 , 33.26 , 508.46 ,31.68, 15.00 , 475.20 , 33.26 , 508.46 ,
1707X09138,10-07-2017,1393, 792.00 , 55.44 , 847.44 ,31.68, 25.00 , 792.00 , 55.44 , 847.44 ,
1707X09140,10-07-2017,1458, 633.60 , 44.35 , 677.95 ,31.68, 20.00 , 633.60 , 44.35 , 677.95 ,
1707X09141,10-07-2017,1694, 158.40 , 11.09 , 169.49 ,31.68, 5.00 , 158.40 , 11.09 , 169.49 ,
1707X09142,10-07-2017,1239, 633.60 , 44.35 , 677.95 ,31.68, 20.00 , 633.60 , 44.35 , 677.95 ,
1707X09147,10-07-2017,1698, 316.80 , 22.18 , 338.98 ,31.68, 10.00 , 316.80 , 22.18 , 338.98 ,
1707X09177,10-07-2017,1593, 270.60 , 18.94 , 289.54 ,27.06, 10.00 , 270.60 , 18.94 , 289.54 ,
1707X09178,10-07-2017,1683, 811.80 , 56.83 , 868.63 ,27.06, 30.00 , 811.80 , 56.83 , 868.63 ,
1707X09179,10-07-2017,1562," 1,353.00 ", 94.71 ," 1,447.71 ",27.06, 50.00 ," 1,353.00 ", 94.71 ," 1,447.71 ",
1707X09180,10-07-2017,2213," 1,082.40 ", 75.77 ," 1,158.17 ",27.06, 40.00 ," 1,082.40 ", 75.77 ," 1,158.17 ",
1707X09181,10-07-2017,1293, 811.80 , 56.83 , 868.63 ,27.06, 30.00 , 811.80 , 56.83 , 868.63 ,
1707X09208,10-07-2017,1453," 1,082.40 ", 75.77 ," 1,158.17 ",27.06, 40.00 ," 1,082.40 ", 75.77 ," 1,158.17 ",
1707X09209,10-07-2017,1485, 811.80 , 56.83 , 868.63 ,27.06, 30.00 , 811.80 , 56.83 , 868.63 ,
1707X09507,10-07-2017,1433, 676.50 , 47.36 , 723.86 ,27.06, 25.00 , 676.50 , 47.36 , 723.86 ,
1707X09508,10-07-2017,1407, 405.90 , 28.41 , 434.31 ,27.06, 15.00 , 405.90 , 28.41 , 434.31 ,
1707X09509,10-07-2017,1721," 1,082.40 ", 75.77 ," 1,158.17 ",27.06, 40.00 ," 1,082.40 ", 75.77 ," 1,158.17 ",
1707X09510,10-07-2017,2235, 541.20 , 37.88 , 579.08 ,27.06, 20.00 , 541.20 , 37.88 , 579.08 ,
1707X09511,10-07-2017,1490, 216.48 , 15.15 , 231.63 ,27.06, 8.00 , 216.48 , 15.15 , 231.63 ,
1707X09547,10-07-2017,1443, 541.20 , 37.88 , 579.08 ,27.06, 20.00 , 541.20 , 37.88 , 579.08 ,
1707X09548,10-07-2017,1202, 811.80 , 56.83 , 868.63 ,27.06, 30.00 , 811.80 , 56.83 , 868.63 ,
1707X09549,10-07-2017,1556, 405.90 , 28.41 , 434.31 ,27.06, 15.00 , 405.90 , 28.41 , 434.31 ,
1707X09550,10-07-2017,1369, 541.20 , 37.88 , 579.08 ,27.06, 20.00 , 541.20 , 37.88 , 579.08 ,
1707X09594,10-07-2017,1558, 430.20 , 30.11 , 460.31 ,28.68, 15.00 , 430.20 , 30.11 , 460.31 ,
1707X09595,10-07-2017,1638, 430.20 , 30.11 , 460.31 ,28.68, 15.00 , 430.20 , 30.11 , 460.31 ,
1707X09596,10-07-2017,1643, 344.16 , 24.09 , 368.25 ,28.68, 12.00 , 344.16 , 24.09 , 368.25 ,
1707X09627,10-07-2017,1452, 729.00 , 51.03 , 780.03 ,29.16, 25.00 , 729.00 , 51.03 , 780.03 ,
1707X09628,10-07-2017,1707, 344.16 , 24.09 , 368.25 ,28.68, 12.00 , 344.16 , 24.09 , 368.25 ,
1707X09822,10-07-2017,1595, 405.90 , 28.41 , 434.31 ,27.06, 15.00 , 405.90 , 28.41 , 434.31 ,
1707X09864,10-07-2017,1402, 541.20 , 37.88 , 579.08 ,27.06, 20.00 , 541.20 , 37.88 , 579.08 ,
1707X09865,10-07-2017,1312, 811.80 , 56.83 , 868.63 ,27.06, 30.00 , 811.80 , 56.83 , 868.63 ,
1707X09866,10-07-2017,1668, 270.60 , 18.94 , 289.54 ,27.06, 10.00 , 270.60 , 18.94 , 289.54 ,
1707X09867,10-07-2017,1616, 541.20 , 37.88 , 579.08 ,27.06, 20.00 , 541.20 , 37.88 , 579.08 ,
1707X09868,10-07-2017,1609, 541.20 , 37.88 , 579.08 ,27.06, 20.00 , 541.20 , 37.88 , 579.08 ,
1707X09869,10-07-2017,1445, 270.60 , 18.94 , 289.54 ,27.06, 10.00 , 270.60 , 18.94 , 289.54 ,
1707X09906,10-07-2017,1652, 541.20 , 37.88 , 579.08 ,27.06, 20.00 , 541.20 , 37.88 , 579.08 ,
1707X09907,10-07-2017,1512, 541.20 , 37.88 , 579.08 ,27.06, 20.00 , 541.20 , 37.88 , 579.08 ,
1707X09908,10-07-2017,1686, 270.60 , 18.94 , 289.54 ,27.06, 10.00 , 270.60 , 18.94 , 289.54 ,
1707X10015,10-07-2017,1555, 405.90 , 28.41 , 434.31 ,27.06, 15.00 , 405.90 , 28.41 , 434.31 ,
1707X10016,10-07-2017,1437, 947.10 , 66.30 ," 1,013.40 ",27.06, 35.00 , 947.10 , 66.30 ," 1,013.40 ",
1707X10017,10-07-2017,1545, 270.60 , 18.94 , 289.54 ,27.06, 10.00 , 270.60 , 18.94 , 289.54 ,
,,," 344,126.40 "," 24,088.73 "," 368,215.13 ",,," 344,126.40 "," 24,088.85 "," 368,215.25 ", (0.12)
